58
40
59
42
63
45
66
48
56
52
60
54
62
61
59
64
58
57
56
52
48
57
55
58
53
57
49
56
56
59
57
59
59
64
61
62
58
63
57
65
62
70
51
75
54
73
57
68
53
62
51
60
44
53
43
56
49
54
57
55
55
50
60
42
63
45
63
50
59
49
62
44
63
48
61
51
52
59
49
55
55
57
51
60
47
62
37
57
43
64
46
70
43
61
43
55
45
50
42
51
41
48
44
50
43
47
51
47
53
43
51
47
61
54
60
60
63
60
58
61
51
60
48
52
45
53
44
59
38
52
34
51
32
42
36
41
36
39
44
41
44
48
48
53
51
55
55
48
61
60
56
56
57
64
56
63
61
61
54
60
55
60
48
63
47
61
43
60
44
52
50
59
46
54
45
51
40
53
40
51
44
43
50
44
56
44
65
49
69
44
71
37
68
38
67
38
67
41
73
39
69
49
64
51
62
56
51
57
45
64
48
71
49
73
48
79
47
78
45
80
44
76
56
72
54
70
61
67
63
59
55
52
64
51
65
45
70
47
74
44
79
41
70
43
71
35
64
34
57
41
59
40
57
36
60
38
53
43
50
48
54
54
57
53
58
61
60
61
63
62
62
58
54
67
47
66
53
62
55
61
48
55
43
53
41
51
46
56
54
53
62
58
66
64
76
66
75
64
73
60
76
66
76
58
77
65
75
57
68
60
59
59
58
48
53
45
54
37
51
43
51
38
53
42
50
25
45
34
48
32
55
32
53
33
52
30
54
32
53
36
48
40
53
41
53
51
61
42
60
43
64
42
67
38
72
44
70
52
72
42
79
44
78
42
70
42
57
50
60
50
52
46
55
44
51
38
43
33
43
34
32
30
27
31
41
27
51
21
38
19
41
35
37
41
36
43
40
45
40
49
46
48
41
54
36
66
35
73
41
69
40
62
42
64
42
68
39
73
43
68
43
68
56
66
55
57
54
51
59
55
52
49
49
51
48
52
58
46
50
50
50
52
41
52
46
48
53
50
50
48
46
52
48
51
55
46
51
50
51
48
52
46
45
47
36
52
28
52
29
54
34
60
27
56
25
55
23
47
28
48
29
47
36
52
45
52
52
52
54
53
62
45
63
52
62
58
69
63
65
64
57
63
60
57
55
54
48
56
45
52
38
52
43
44
41
35
37
32
40
34
50
35
55
34
51
40
54
31
54
41
60
40
61
38
67
44
62
50
66
48
68
51
59
51
67
47
67
54
74
49
72
53
68
60
61
57
60
54
52
49
40
45
41
42
39
44
42
43
32
50
28
42
30
41
26
49
31
44
37
52
47
57
53
64
55
59
51
63
50
55
50
61
50
65
58
56
60
59
61
60
52
53
51
54
49
53
51
50
53
51
58
49
60
41
54
45
51
50
45
48
51
53
50
48
44
58
38
56
44
62
42
67
37
68
44
72
45
67
48
66
46
66
41
66
41
60
51
64
44
56
45
55
42
63
35
58
34
56
34
58
40
52
47
56
54
56
50
54
60
53
63
44
72
36
78
31
76
34
80
35
75
31
75
31
69
31
73
33
69
29
65
37
68
40
68
51
68
55
59
44
62
52
59
43
61
43
61
39
55
45
57
48
53
46
46
37
50
30
58
34
53
38
57
39
60
47
50
44
52
44
48
41
47
42
51
49
45
46
43
54
41
53
35
63
34
55
37
59
39
53
42
54
39
49
36
48
36
60
33
51
35
52
44
44
44
51
43
54
38
63
33
59
34
69
45
65
46
62
47
68
47
62
39
71
43
66
46
56
48
54
52
62
53
54
47
54
51
57
51
55
52
56
57
50
54
46
50
57
56
54
57
47
61
52
56
50
45
45
51
50
44
50
45
49
46
54
45
45
39
49
43
51
45
46
49
51
56
51
54
46
62
50
60
44
59
40
63
51
66
44
63
37
59
45
56
46
62
44
49
46
53
47
45
50
37
54
42
54
38
54
37
56
34
55
31
50
26
48
41
43
41
46
45
53
55
49
51
39
57
43
51
44
50
40
60
39
60
34
56
33
57
31
60
23
58
26
50
24
51
29
54
33
53
39
45
46
44
58
38
57
34
49
37
50
38
50
46
60
39
61
42
64
43
54
49
47
47
36
57
45
57
44
52
44
49
44
48
37
52
23
51
20
54
20
45
22
54
26
45
18
49
25
48
23
46
14
47
19
47
28
52
28
49
32
54
29
52
34
53
39
47
41
47
42
49
49
39
46
44
44
34
49
39
46
31
55
27
56
33
55
33
44
36
45
43
43
51
47
45
53
53
47
49
52
54
51
54
49
57
55
61
64
58
71
