54
52
58
62
58
56
56
54
52
45
48
58
45
42
60
58
49
48
56
54
57
61
58
62
50
50
61
55
57
67
60
49
43
42
52
60
54
35
29
45
54
57
55
48
48
50
42
38
57
64
46
40
49
57
62
48
40
48
52
57
54
48
51
55
49
47
59
58
49
51
51
45
44
49
48
43
49
56
53
54
56
49
43
53
55
48
46
42
48
44
40
45
52
52
37
34
40
43
41
44
51
57
57
54
56
50
52
60
58
43
46
55
40
42
51
46
47
56
62
43
37
42
29
41
45
39
51
54
46
54
57
36
29
42
51
54
47
36
43
53
52
52
51
44
53
62
55
44
51
61
50
43
49
60
55
48
48
56
60
52
48
46
48
55
52
46
51
50
50
63
71
58
45
39
39
52
52
45
48
56
51
44
56
57
57
55
45
45
45
46
50
45
42
46
49
55
61
64
59
51
47
59
64
49
42
47
45
46
57
51
50
54
64
69
47
32
45
57
43
38
41
35
42
45
40
45
42
41
50
48
49
62
61
59
50
49
55
49
53
49
41
48
56
56
57
55
54
50
49
52
43
43
48
42
58
65
53
52
41
51
52
46
55
44
49
54
57
65
49
46
46
37
50
70
52
34
46
56
52
42
53
56
47
56
59
47
39
55
57
37
38
40
41
45
51
56
42
42
54
50
53
51
44
49
50
52
52
53
61
61
49
43
54
47
33
46
56
48
50
52
50
54
42
45
50
48
51
45
44
42
42
46
48
59
66
59
57
48
48
50
44
43
36
38
48
55
56
56
54
41
31
38
48
51
46
43
39
40
54
59
51
61
62
43
50
58
48
43
48
42
41
44
40
38
40
47
49
55
62
52
48
49
54
53
49
58
51
40
36
30
40
49
50
50
55
60
42
43
49
49
55
63
62
48
57
59
53
51
52
57
47
49
41
34
49
51
49
56
61
57
49
45
47
57
55
43
40
41
54
54
47
53
52
48
44
49
47
47
58
47
50
56
49
47
56
63
49
49
59
48
39
48
43
44
41
32
53
58
43
35
41
52
55
50
54
63
49
45
52
48
53
45
46
48
37
47
44
36
48
59
55
57
66
65
56
44
46
46
39
41
50
51
57
57
58
59
47
57
60
53
45
44
54
55
49
43
39
47
52
62
67
61
56
56
43
36
41
53
61
48
45
40
47
53
53
55
52
52
61
60
51
50
46
52
53
54
62
62
56
56
54
44
51
52
55
49
38
58
59
57
57
39
40
51
45
39
50
60
58
51
35
36
49
48
51
56
50
47
46
34
42
46
45
55
47
44
61
57
47
49
49
54
61
58
51
46
49
58
51
52
48
36
51
58
57
52
40
52
58
48
45
45
55
57
54
55
51
49
50
50
53
43
39
43
45
53
53
48
56
69
60
39
28
39
47
51
43
39
47
49
51
54
64
59
45
42
47
47
43
51
54
56
57
46
48
66
66
57
58
61
56
48
52
51
38
43
62
61
58
54
54
49
45
55
60
53
50
62
64
52
52
53
47
49
38
35
48
54
53
49
42
50
56
45
47
49
49
50
39
48
69
65
44
43
55
55
45
43
46
42
44
44
53
54
44
49
58
56
52
53
46
43
49
58
49
42
50
47
53
67
58
42
42
51
51
44
45
44
43
41
47
47
45
48
46
49
53
48
48
53
47
50
53
46
50
50
36
36
54
59
47
44
45
53
58
47
49
52
41
41
47
50
51
54
52
41
44
39
43
59
55
45
39
55
59
51
56
53
45
46
45
49
52
44
47
53
57
49
40
47
49
43
49
59
62
54
46
40
48
55
42
40
45
48
48
55
56
51
53
50
49
54
48
42
52
55
52
47
49
56
58
62
62
63
65
56
55
56
37
37
39
39
52
48
51
58
47
38
37
42
53
50
35
37
43
39
43
56
50
45
57
49
46
54
51
46
46
50
47
49
55
55
68
67
44
43
51
47
46
52
53
46
52
59
46
48
52
53
61
67
60
45
53
57
53
54
50
46
47
44
45
55
57
65
62
47
48
51
50
44
50
51
56
56
47
50
43
39
39
49
50
47
52
56
50
59
62
48
55
43
41
44
44
40
47
57
44
56
52
38
42
46
51
55
71
61
42
49
50
56
58
58
65
60
42
49
73
73
57
63
63
44
52
55
50
57
61
47
44
51
48
59
59
47
45
48
52
47
51
52
44
53
57
55
46
43
53
49
46
41
48
59
53
52
53
52
54
44
36
51
58
50
41
48
53
48
44
48
45
39
40
52
58
52
52
52
61
59
47
53
61
54
51
46
47
48
48
51
55
52
48
57
54
49
