53
54
61
52
55
58
63
62
65
58
50
56
51
56
54
54
57
52
49
45
45
48
61
58
49
45
36
42
52
60
62
58
52
49
49
48
53
56
49
54
58
57
64
61
60
58
56
62
57
50
49
50
56
61
57
55
49
57
70
67
68
60
50
49
42
43
42
42
49
52
56
60
56
54
45
35
35
29
40
45
48
54
53
57
58
55
51
48
48
48
51
50
44
42
40
38
48
57
60
64
54
46
40
40
45
49
54
57
56
62
58
48
43
40
37
48
58
52
58
57
51
54
50
48
50
51
58
55
51
49
46
47
55
59
57
58
50
49
57
51
53
51
42
45
51
44
48
49
46
48
43
43
45
49
57
56
56
53
52
54
51
56
51
49
48
43
49
53
52
55
50
48
44
46
44
42
52
48
48
44
43
40
45
45
43
52
50
52
46
37
32
34
34
40
41
43
47
41
41
44
43
51
53
57
63
57
62
54
57
56
55
50
41
52
56
60
65
58
45
43
43
46
50
55
49
40
43
42
50
51
47
46
42
47
51
56
57
62
55
43
38
37
38
42
36
29
37
41
45
45
37
39
44
51
60
54
50
46
45
54
56
57
49
36
36
29
32
42
43
51
54
54
50
47
44
36
40
43
47
53
50
52
51
52
49
51
45
44
58
53
58
62
52
55
56
44
56
51
59
61
49
50
39
43
48
49
58
60
58
55
46
48
46
48
55
56
60
60
55
52
49
48
50
46
43
48
52
55
59
52
44
46
43
51
53
50
52
50
57
63
71
71
65
58
50
45
43
39
41
39
42
52
51
52
51
45
41
48
49
56
56
51
51
44
49
56
54
57
61
57
54
55
44
45
47
45
49
45
45
46
46
50
51
45
43
42
44
46
50
49
50
55
59
61
58
64
63
59
58
51
50
47
54
59
56
64
51
49
48
42
47
47
47
45
45
46
50
57
60
51
52
50
49
54
60
64
68
69
57
47
34
32
38
45
57
57
47
43
41
38
42
41
36
35
38
42
45
45
44
40
37
45
43
42
42
41
46
50
57
48
42
49
54
62
65
61
59
59
53
50
48
49
54
55
52
49
54
53
48
49
44
41
48
48
53
56
55
56
51
57
54
55
56
54
53
50
55
49
53
52
47
43
41
43
46
48
48
42
47
58
66
65
60
53
50
52
47
41
41
51
53
52
51
46
48
55
51
44
45
49
52
54
54
57
58
65
59
49
53
46
51
46
34
37
37
50
62
70
66
52
44
34
36
46
47
56
57
52
46
42
46
53
61
56
55
47
50
56
51
59
54
47
49
39
44
55
45
57
49
37
46
38
38
40
38
41
41
45
49
51
58
56
48
42
39
42
45
54
52
50
59
53
53
51
42
44
47
49
49
50
49
52
53
52
52
53
60
61
63
61
57
49
46
43
48
54
49
47
37
33
36
46
54
56
58
48
48
50
48
52
54
50
57
54
42
42
38
45
51
50
48
48
49
51
50
45
44
44
45
42
38
42
43
46
50
48
55
59
63
66
62
59
56
57
49
48
43
48
54
50
54
44
46
43
37
36
29
38
43
48
59
55
60
56
49
56
53
54
48
41
35
31
36
38
48
48
51
51
45
46
46
43
40
39
34
40
48
54
58
59
56
51
58
61
59
62
51
43
54
50
59
58
46
48
44
43
41
48
45
42
44
41
43
44
40
40
38
38
43
40
40
47
47
49
55
55
57
62
54
52
50
48
50
49
55
54
52
53
54
49
55
58
50
51
41
40
38
36
38
30
38
40
41
49
47
50
55
50
51
55
55
60
51
42
44
43
45
49
48
49
56
55
57
63
62
62
53
48
50
57
63
59
61
53
47
51
48
52
58
57
51
47
49
49
47
41
34
34
38
49
56
51
57
49
49
56
51
61
64
57
57
49
49
45
46
47
48
57
57
55
47
43
36
40
42
41
51
54
49
54
49
47
53
53
52
52
54
48
47
44
41
49
43
47
49
47
57
58
57
47
47
50
48
56
52
49
47
47
54
56
60
63
58
49
45
49
57
59
56
48
37
39
47
48
48
43
44
44
44
41
33
32
45
53
56
58
47
43
41
35
40
41
49
52
49
55
50
50
55
54
58
63
54
49
43
45
53
52
55
48
43
53
45
45
47
46
44
48
45
37
45
47
47
44
42
36
39
48
52
59
60
55
59
57
62
66
64
65
62
56
53
44
33
46
45
46
52
39
39
41
41
50
48
51
58
57
57
57
55
58
61
59
57
47
56
57
58
60
54
53
46
45
39
44
51
54
57
55
51
49
49
43
39
39
43
47
49
52
52
62
71
67
68
61
