57
59
52
54
49
57
40
57
52
56
52
66
50
60
49
67
47
46
61
35
42
58
53
51
40
55
45
50
63
40
53
53
49
54
55
53
54
47
46
43
56
54
47
50
50
43
45
40
52
37
35
45
48
62
57
44
63
43
51
42
49
48
51
41
37
39
57
45
56
29
47
49
39
51
49
56
58
50
57
43
60
48
53
54
50
51
47
48
51
71
47
41
48
43
56
44
63
48
49
46
47
40
56
58
58
52
54
46
45
57
46
65
55
36
47
40
38
44
48
41
50
58
60
49
52
49
45
57
52
54
49
46
44
50
60
48
53
47
46
54
61
56
32
62
44
47
45
58
46
59
39
51
44
36
49
47
43
58
46
49
50
52
60
50
49
36
58
50
50
42
51
49
46
36
50
66
57
45
53
43
34
60
51
46
36
50
48
40
55
51
62
51
48
44
44
45
37
48
56
52
51
57
55
39
38
44
53
50
44
49
58
62
48
57
48
51
45
37
55
56
59
42
51
47
42
51
46
56
43
47
61
52
51
53
58
56
39
47
45
32
60
34
52
47
58
47
52
48
47
37
42
46
58
62
62
34
49
38
54
57
60
55
53
41
57
50
39
52
69
56
44
39
62
44
45
46
55
53
59
50
52
50
62
53
47
57
58
44
56
57
39
48
46
60
38
38
51
52
49
34
44
56
46
56
51
52
56
52
50
51
51
43
62
42
56
40
51
60
57
49
50
44
37
45
51
63
52
28
49
43
47
54
59
53
47
40
60
56
45
66
56
60
51
49
49
59
61
49
41
60
50
64
47
53
46
41
58
44
47
45
46
50
46
70
49
50
42
50
41
53
46
56
53
47
55
50
46
49
68
42
48
46
42
39
45
48
49
51
48
47
52
50
41
41
59
50
43
50
50
41
46
53
48
46
50
53
42
57
53
45
48
48
46
57
51
42
41
65
51
40
55
34
46
58
51
56
51
44
50
52
46
57
62
65
58
49
36
42
46
58
39
34
54
41
38
50
50
55
45
51
43
46
56
63
65
39
49
55
45
59
47
58
64
45
54
59
44
42
48
57
63
45
50
47
60
52
46
45
44
47
59
54
53
51
34
41
48
51
51
42
51
67
44
47
63
59
58
54
69
63
44
58
56
51
49
52
59
39
51
51
44
58
45
53
50
42
62
53
48
44
49
49
45
52
46
48
44
55
53
61
44
55
57
43
52
52
49
57
51
50
56
64
60
58
46
44
48
37
50
41
44
53
52
52
61
51
39
56
45
56
55
54
42
62
44
60
56
56
55
64
67
62
43
41
47
55
50
49
55
50
51
50
47
47
46
59
58
59
54
48
51
46
44
60
40
47
50
69
47
42
48
49
45
58
43
44
46
35
49
43
50
56
63
48
47
55
41
51
48
46
51
39
57
49
48
45
51
50
52
63
58
68
63
45
46
50
66
59
59
46
51
60
46
75
58
60
54
50
49
60
50
45
48
55
57
59
55
37
47
37
42
65
46
45
49
44
48
47
58
52
44
56
53
47
52
42
40
49
45
47
62
55
47
41
62
43
41
45
60
52
50
70
50
43
51
51
51
57
53
58
64
30
58
57
41
40
50
66
53
47
62
45
47
43
53
57
68
55
65
39
49
58
47
52
49
54
51
68
53
47
42
54
62
47
38
64
63
46
57
47
42
48
60
59
55
43
42
46
50
53
43
40
52
62
52
55
40
65
44
40
53
55
43
48
49
54
54
50
50
47
49
61
46
44
47
51
49
53
55
58
48
45
46
51
55
55
46
42
46
55
56
49
46
50
54
55
35
60
67
45
49
51
69
36
45
50
49
70
46
50
48
40
54
48
52
61
52
38
55
43
45
55
38
59
53
65
48
50
61
60
53
38
57
44
39
49
49
51
54
40
51
50
37
61
33
53
45
51
50
56
47
54
33
42
61
37
42
53
55
32
39
24
56
54
43
59
44
68
59
52
42
54
46
45
62
50
49
58
56
52
58
40
47
44
57
35
51
49
46
38
49
45
53
57
40
44
41
59
53
55
55
35
45
50
60
38
53
48
60
56
56
43
58
54
46
36
30
44
49
48
52
47
38
57
46
34
46
40
46
50
47
55
42
58
56
52
44
50
46
45
36
51
57
61
53
52
64
52
67
56
67
54
46
44
55
55
49
47
39
49
52
52
53
51
50
52
52
53
56
49
49
49
50
42
56
42
46
52
55
41
55
47
53
55
50
56
53
61
42
50
46
60
59
48
40
55
62
40
50
47
42
56
69
51
52
65
45
50
57
51
48
59
41
57
43
52
67
45
36
49
50
39
48
38
