61
58
65
56
54
52
45
58
36
60
52
48
49
57
60
62
49
61
49
67
50
43
49
60
45
29
48
57
51
48
44
38
60
46
45
57
58
40
58
57
50
51
51
47
57
49
53
45
48
48
45
56
52
56
48
53
50
46
52
44
45
52
46
34
41
41
43
57
62
56
41
60
45
46
49
42
47
47
57
43
38
29
45
39
60
46
56
36
32
51
50
36
47
52
49
44
58
55
56
61
39
49
58
48
55
60
49
46
52
52
43
50
57
71
50
39
42
52
41
56
51
56
61
55
47
45
46
45
44
49
59
64
58
47
56
49
47
45
50
51
49
64
57
32
57
43
42
35
45
40
43
41
57
49
65
59
48
55
54
49
48
56
51
55
53
49
47
43
48
58
60
52
41
52
48
44
52
57
59
46
34
50
66
34
47
52
46
56
50
59
49
55
49
38
38
45
58
42
45
50
53
44
49
52
52
61
57
43
49
33
54
48
48
50
42
45
48
51
44
42
43
48
63
59
49
48
54
43
29
48
60
56
48
31
48
51
46
39
48
59
58
62
54
58
44
48
44
44
38
40
47
55
54
48
55
53
55
51
38
30
41
50
51
60
44
49
56
63
53
57
61
51
58
47
47
34
56
49
51
57
49
47
57
43
42
54
49
53
54
44
43
47
57
50
52
47
60
49
57
48
47
43
44
32
56
43
40
52
50
54
54
45
55
53
47
48
45
44
39
59
59
66
62
44
45
39
41
51
57
58
57
57
54
45
51
55
49
39
49
62
68
56
54
36
48
61
48
40
48
53
59
52
62
51
53
52
51
62
66
56
47
51
50
49
51
59
54
39
45
45
44
60
64
35
39
48
53
50
49
34
39
45
45
44
57
47
54
54
59
51
45
58
52
48
41
58
46
40
56
48
40
55
52
55
51
50
55
43
33
45
56
48
65
60
32
39
52
43
40
49
52
64
57
42
49
43
59
56
54
48
69
57
64
56
53
51
49
62
56
54
44
45
57
53
53
64
47
53
51
38
45
54
49
42
53
45
46
49
45
48
71
44
56
55
48
46
46
44
58
44
54
56
57
46
55
58
43
50
46
67
57
42
56
44
45
43
45
47
46
46
53
48
48
47
50
46
54
36
38
59
45
45
45
47
50
41
44
50
50
52
47
39
50
55
34
55
52
56
48
46
46
52
46
53
53
40
42
43
57
62
49
40
58
42
44
48
56
56
50
50
49
48
39
55
58
49
60
62
59
65
58
56
45
39
44
48
54
47
34
42
57
35
45
39
47
50
48
49
52
51
49
50
46
55
60
67
43
51
50
52
46
52
54
48
52
61
66
45
54
53
49
46
45
45
57
65
55
48
44
44
53
56
48
50
39
39
42
47
54
50
67
48
52
41
38
40
50
44
59
38
43
51
62
61
46
50
63
58
67
42
56
73
59
63
46
55
55
61
41
51
53
59
48
48
49
51
47
53
65
46
49
49
42
48
64
52
57
54
40
51
50
41
53
48
46
45
44
52
55
52
51
59
48
61
55
46
42
48
53
52
53
54
46
50
56
57
58
61
59
45
48
50
47
37
52
36
36
49
54
53
42
59
61
48
46
50
53
44
49
60
53
50
42
61
61
46
64
60
52
59
58
64
63
64
51
49
41
53
53
60
54
51
55
58
46
49
54
46
45
46
46
61
52
67
53
55
43
59
42
42
42
52
55
37
44
48
64
65
47
42
52
39
58
50
57
43
44
41
42
38
52
51
37
54
56
62
54
51
47
56
49
41
52
50
37
56
42
43
57
60
54
40
43
57
46
50
57
63
64
61
55
63
47
45
44
56
67
55
51
54
43
55
68
52
56
69
58
46
55
57
54
52
67
52
48
45
47
64
61
56
56
47
44
43
48
37
37
54
57
46
48
45
46
49
47
46
54
52
53
44
56
56
43
49
52
38
42
46
55
46
41
50
64
55
48
46
41
55
42
44
38
53
66
52
48
59
65
46
38
50
50
46
50
57
55
59
54
64
32
44
64
50
41
39
42
57
64
55
54
53
56
47
49
44
46
51
54
66
61
61
62
39
43
53
54
41
54
58
56
55
54
68
58
57
48
41
48
64
49
39
38
66
62
55
49
55
35
44
48
53
55
56
59
51
40
39
43
57
49
53
46
48
48
58
60
60
55
50
45
59
51
42
48
53
51
53
32
42
49
55
49
58
55
54
48
42
57
59
52
52
38
52
51
55
50
58
57
58
51
45
47
47
48
49
49
48
46
43
50
44
60
55
53
50
51
54
54
58
50
49
63
67
44
46
45
57
67
44
39
51
51
49
57
66
