49
49
51
51
53
55
56
55
54
54
57
57
62
61
61
62
59
59
57
52
51
55
55
54
55
51
52
53
57
58
59
58
58
61
63
62
60
59
58
62
65
65
61
65
65
65
66
63
60
58
58
54
49
48
50
49
52
55
56
56
54
51
54
53
51
55
55
54
54
56
52
52
57
54
54
54
53
54
55
54
56
56
56
55
57
52
47
50
50
52
57
59
54
53
49
49
48
48
44
45
45
44
46
48
45
46
51
48
51
48
48
50
55
57
61
62
63
60
61
58
53
56
51
47
49
50
48
50
45
45
43
42
40
38
36
37
37
40
42
42
45
47
49
49
52
55
54
54
59
60
57
57
58
62
62
62
62
59
58
58
59
55
57
57
52
52
52
51
50
49
52
54
51
49
49
47
48
47
46
48
44
45
46
49
53
51
54
58
58
56
58
54
53
52
49
51
53
55
55
54
58
58
57
58
58
57
55
52
52
57
57
57
61
61
64
64
62
62
62
61
60
63
64
63
60
63
63
66
62
58
55
57
58
58
56
57
59
58
61
62
61
57
57
56
57
53
50
45
48
50
48
50
46
45
49
46
45
48
47
50
52
55
55
57
56
60
62
64
63
61
63
58
59
61
57
60
59
58
59
55
54
51
49
46
49
46
49
52
53
57
60
60
63
66
70
68
69
70
68
67
69
71
68
67
68
70
69
64
65
60
55
59
56
52
50
51
48
44
46
49
45
45
47
47
42
38
35
40
40
43
47
44
43
44
42
40
43
42
43
42
44
46
46
45
49
54
53
52
51
52
53
53
52
53
56
59
58
63
58
60
61
61
60
60
56
52
52
53
55
54
49
49
52
49
45
42
40
39
39
35
31
29
28
32
35
36
39
34
29
29
34
37
38
39
40
41
41
39
42
45
48
46
48
46
48
51
52
54
56
54
54
51
51
53
53
54
55
58
59
57
55
58
61
60
58
58
54
56
54
55
50
53
49
51
51
52
53
50
47
48
50
50
46
50
48
47
49
49
50
48
49
49
51
50
51
51
50
52
52
50
51
47
46
42
44
42
43
41
42
42
45
44
42
42
40
40
38
36
35
38
37
39
44
46
48
49
51
51
53
57
54
54
55
55
60
60
63
65
67
64
61
62
61
58
54
53
53
53
50
46
46
45
45
44
40
37
36
35
36
40
42
44
43
43
45
46
43
42
44
49
51
50
52
50
54
52
55
56
56
57
60
58
55
58
56
57
59
62
63
62
63
63
62
63
58
61
58
55
52
48
43
41
42
41
43
42
43
40
40
40
36
35
36
34
37
39
37
40
44
48
50
53
57
58
58
57
56
56
53
52
52
55
57
61
58
57
59
60
60
57
55
53
52
53
51
53
50
53
54
54
54
54
50
49
50
49
51
49
46
48
50
51
50
46
50
47
49
48
50
51
55
52
54
54
58
58
58
56
58
55
56
55
52
55
51
54
56
54
53
49
50
50
50
50
46
45
45
44
44
47
49
48
51
52
55
53
53
56
57
59
56
56
57
55
57
55
54
57
59
58
53
53
53
53
50
52
52
53
49
49
48
53
54
55
57
60
61
58
54
51
55
56
54
52
53
52
50
47
48
51
53
51
48
47
42
41
41
44
44
45
46
47
49
48
51
51
50
48
49
44
43
45
45
48
48
50
46
44
48
49
46
46
45
48
46
43
46
49
47
48
49
45
45
41
43
42
44
48
44
43
43
45
48
45
45
50
46
47
49
49
48
47
50
54
57
55
56
54
56
56
54
52
52
54
56
54
55
51
51
53
54
57
53
53
52
51
52
54
52
54
55
56
55
53
51
51
50
55
56
56
55
53
57
55
51
51
47
47
51
49
48
47
46
49
48
49
48
44
43
43
46
49
46
47
49
50
53
53
50
53
55
55
55
51
52
51
54
58
57
55
52
48
49
51
50
54
54
49
47
48
51
48
45
45
44
46
48
47
46
46
46
46
47
43
44
39
37
41
44
42
42
45
50
52
52
49
49
45
49
48
47
49
45
48
48
49
49
46
44
44
43
45
43
41
43
41
36
38
38
40
42
40
45
44
45
45
49
48
48
45
45
42
42
42
43
47
51
51
50
52
52
54
49
48
50
49
44
44
48
52
50
51
48
49
46
45
45
44
41
37
37
36
38
37
32
35
38
38
33
34
37
34
37
36
34
31
29
32
35
40
38
40
39
41
41
42
43
44
46
43
41
45
42
45
47
47
45
45
46
41
41
43
44
41
41
42
40
44
45
44
43
39
42
41
43
45
48
47
47
51
52
48
50
51
53
52
52
52
54
57
60
62
63
64
