48
52
62
56
54
45
58
42
58
48
54
61
62
50
55
67
49
42
60
35
45
57
48
50
38
64
40
57
48
48
57
48
55
47
58
51
45
49
43
56
54
49
53
48
42
44
45
52
34
43
44
57
54
50
60
43
55
42
46
56
43
42
41
39
54
54
36
42
54
36
53
52
44
62
44
61
43
60
48
56
52
46
55
46
50
63
58
39
52
45
56
44
57
55
45
46
45
46
55
64
51
59
49
47
46
51
54
69
32
57
38
35
45
45
41
48
62
59
49
49
49
48
56
55
50
52
43
42
65
52
51
46
44
54
65
46
37
70
34
56
42
56
56
47
55
37
40
45
56
42
50
51
49
52
53
61
43
47
46
48
52
54
45
48
45
42
46
59
59
48
50
43
38
55
56
41
38
51
43
40
59
61
43
58
43
42
44
38
47
55
52
49
53
58
40
30
49
50
60
43
49
63
48
59
51
57
49
34
51
56
57
45
57
43
41
54
53
48
49
47
47
56
47
63
49
48
48
44
32
58
35
52
50
63
45
48
45
48
47
36
59
57
65
44
46
41
51
57
59
57
53
44
55
43
47
62
61
56
36
53
48
40
53
55
52
60
50
52
54
62
56
44
52
49
58
57
39
51
39
60
51
36
48
56
47
34
46
55
44
57
49
54
58
46
58
52
36
58
52
52
48
45
57
55
49
50
43
43
53
48
69
39
39
51
39
49
54
59
42
47
51
56
46
66
57
61
48
51
43
61
54
49
55
53
62
52
53
49
35
54
49
50
45
49
50
48
65
43
55
43
42
44
54
49
56
53
43
58
42
47
67
42
51
44
44
41
47
48
49
48
53
50
46
50
36
59
44
53
47
52
41
50
54
41
39
59
45
55
51
53
46
49
44
53
49
47
43
59
54
40
55
40
48
55
51
50
54
42
55
47
56
62
63
56
56
37
39
48
58
38
42
50
37
39
56
45
49
54
46
50
49
55
67
43
47
52
46
59
48
53
67
45
57
54
46
44
55
65
47
51
44
51
56
50
39
49
47
56
59
48
43
44
40
57
56
38
46
55
61
49
56
58
60
49
73
63
44
55
57
47
51
59
47
48
47
52
53
55
43
49
41
59
52
52
44
51
50
48
48
48
39
52
52
52
59
53
54
46
48
51
52
57
49
50
57
63
61
48
53
50
38
57
36
41
52
53
46
64
48
41
56
44
56
53
50
41
67
46
61
54
59
56
68
64
48
43
53
50
54
51
55
50
49
52
47
46
49
53
67
52
47
59
46
43
52
48
45
48
66
48
42
52
49
50
55
47
41
39
39
51
40
60
62
49
45
56
40
48
50
46
52
43
61
49
40
54
47
50
54
66
61
60
60
45
40
72
55
59
46
55
62
52
69
55
59
57
42
65
52
42
41
64
54
60
47
40
50
37
39
65
46
49
47
49
40
55
52
50
58
56
40
61
38
45
44
46
47
66
55
50
39
55
47
32
53
63
44
59
60
37
50
52
46
57
53
58
64
32
56
50
45
46
57
51
56
53
53
50
44
52
49
66
61
63
39
51
57
41
51
52
55
58
57
57
48
45
64
45
30
66
59
50
55
47
40
53
61
59
51
40
40
57
49
44
48
47
54
60
55
35
59
49
40
53
55
41
42
48
51
58
58
47
42
62
46
52
40
56
55
50
55
58
47
42
47
59
47
48
48
46
44
65
52
50
48
46
58
40
56
67
45
48
57
63
34
51
48
48
66
47
55
42
46
50
46
61
56
37
56
43
43
58
41
58
50
62
43
70
46
61
42
56
50
36
47
52
50
53
40
55
42
49
60
27
61
40
57
53
49
53
42
33
58
43
36
59
53
32
42
25
49
55
49
57
52
62
47
56
42
55
47
50
55
51
54
57
52
53
43
51
47
56
33
57
41
53
37
46
51
59
39
43
43
56
56
55
54
36
44
53
51
46
48
55
49
66
40
48
62
45
43
29
45
47
48
53
44
39
58
47
27
44
43
49
41
57
46
48
58
54
51
46
46
45
36
51
62
59
53
58
57
49
73
54
62
44
49
48
56
47
46
43
49
53
50
54
54
43
48
58
55
49
49
50
45
44
60
43
48
53
53
41
55
43
58
47
52
55
50
59
48
38
53
60
54
36
55
56
41
49
47
45
57
70
53
51
67
44
55
55
51
51
49
55
47
45
69
48
39
49
50
40
47
39
51
35
50
57
58
42
51
39
51
57
57
58
55
46
61
48
59
51
62
49
58
49
36
68
37
38
50
53
39
50
49
45
45
34
48
50
62
54
45
50
71
53
60
51
58
52
43
46
64
45
