3.071126
-1.251714
2.378508
0.742999
-1.088726
1.235133
-0.831808
0.656411
-0.931647
1.681933
-1.767524
0.407031
-0.802604
0.980068
-1.034397
-2.132809
3.595291
-6.020404
3.884715
-4.229507
6.253967
-8.698826
9.007587
-9.084585
10.393850
-11.106874
11.625002
-10.042143
10.259693
-11.335236
12.355009
-7.800797
6.298941
-6.819876
6.073622
-4.057979
4.423876
-3.875938
4.452291
-5.643623
5.929039
-4.776505
3.294418
-3.158641
2.514155
-1.905534
-2.272852
3.717896
-3.318563
5.563941
-4.739890
3.186225
-1.230443
0.340511
0.486877
-0.232142
-1.470989
2.005144
-2.314096
3.471282
-6.165450
6.547816
-4.801065
3.547986
-3.034004
3.566133
-1.703560
-0.451600
1.681554
-2.047423
-1.419489
-0.409857
-1.355869
3.326064
-3.380328
4.893971
-4.955488
6.115337
-3.981836
4.953599
-2.061500
2.220982
-5.201300
5.757742
-6.794924
5.259200
-6.630340
5.929384
-7.658346
7.610583
-5.499303
8.213226
-7.788023
5.112139
-4.379996
4.020573
-2.240000
1.466302
-2.626569
2.478847
-4.826465
4.095017
-1.767465
1.713029
1.129913
0.422575
1.412916
2.289131
-1.392601
0.470804
-0.841366
-2.199660
3.461579
-2.351310
1.665878
-1.885080
2.025681
-2.074672
-0.159767
-0.455940
-0.621508
-0.158204
-0.727638
-0.063176
-3.290051
2.233604
-0.723053
-1.080342
1.595567
-2.226084
1.249768
-1.063078
-0.552847
0.989532
-3.749311
0.530250
-0.120911
0.034050
3.034342
-3.755972
3.231813
-1.765524
2.159441
-2.325431
3.812976
-2.510140
1.495185
-0.793174
-1.850056
2.551109
-1.230302
0.295976
-1.370410
3.480659
-1.458199
3.328127
-4.848912
5.170586
-7.466418
8.136080
-5.300195
5.579726
-5.073299
6.125803
-7.036813
6.260621
-6.689019
5.080786
-4.612575
4.831164
-4.688454
6.296271
-5.426340
2.959987
0.011692
0.646226
0.121748
0.501905
-1.042556
0.213151
-0.339061
0.619864
-0.620532
-0.560622
1.575330
-2.706390
3.441056
-2.902290
3.138420
-4.647000
5.803535
-5.868089
5.712784
-6.957954
4.379093
-7.595141
7.859410
-5.531973
6.086849
-5.516958
4.652388
-4.616663
3.398300
-1.849928
-0.249815
-1.393181
0.492341
-2.945951
1.715896
-1.780558
-0.099524
-0.506484
0.970042
3.409586
-3.400759
6.888974
-5.786120
3.744205
-3.708662
4.001255
-5.078394
2.440994
-2.124108
1.328397
-0.323605
3.754350
-3.789328
5.288172
-5.081697
5.479483
-2.546006
2.221324
-0.207503
-2.499529
3.570960
-4.767685
3.701670
-2.740809
3.073870
-3.970981
4.466159
-1.404788
2.380175
-1.293929
-0.846035
-0.722590
0.399294
-1.535813
4.011468
-1.758482
-1.597109
3.298479
-4.497691
5.063527
-7.977982
9.701067
-11.397939
9.053362
-9.776045
11.027891
-10.797525
7.661976
-8.862411
7.876318
-6.098310
7.206843
-5.535292
9.898529
-9.721752
7.548631
-6.908594
4.366871
-4.533656
4.927451
-2.759520
1.890877
0.745286
-2.027498
2.589301
-3.511904
3.633376
-3.181431
2.382422
-2.604307
2.952317
-3.862059
2.894336
-3.805451
4.059125
-5.542214
5.458564
-4.302447
3.618518
-5.740084
8.306495
-8.034778
5.616794
-4.526644
5.015292
-2.540500
2.339399
0.941974
1.507307
-1.074325
2.562346
-2.053791
2.351088
-3.264113
0.589429
1.357016
-1.894664
1.808973
-2.556818
3.437600
-5.393289
3.242859
-2.864941
2.614685
-1.316359
-1.457845
0.846375
-2.772004
0.795956
0.105281
-2.188957
1.368295
-3.149677
1.872662
-1.627841
1.861598
0.381653
0.297972
-0.284504
1.365770
-2.437329
3.816866
-2.920317
5.543673
-8.120369
8.922915
-6.922520
8.317719
-6.009667
6.449789
-6.259894
5.364386
-5.175802
4.418374
-5.209289
4.907201
-5.930122
6.257702
-3.718589
3.312984
-2.330912
1.534755
-2.482906
0.486792
1.886939
-1.451182
0.771563
-3.082466
3.597418
-5.059285
6.132127
-4.028380
5.654785
-2.652595
2.674687
-2.962855
1.125418
-1.138562
1.034755
-1.281271
1.169658
0.977221
0.368640
0.489451
-0.884887
0.305801
0.599334
-2.068617
1.406014
-2.455686
1.823015
-3.695236
3.583231
-3.876098
4.110437
-2.537966
4.020956
-2.556786
1.264756
-0.979061
-1.122638
-0.622745
-2.352893
2.228322
-4.732066
3.153238
-3.735007
5.107163
-7.625436
7.802091
-8.185238
10.275593
-10.466946
7.897575
-6.348138
6.118927
-7.120424
5.876515
-6.831850
6.813577
-6.285736
7.496726
-5.528190
6.253434
-5.477691
7.191370
-7.865979
8.047206
-6.832466
8.333648
-6.229643
6.707041
-8.039575
8.919841
-9.260422
8.020625
-7.371484
6.529781
-4.024806
4.113864
-4.770141
5.490739
-4.941349
4.324954
-3.897599
3.946969
-5.037911
4.686016
-7.017126
5.929307
-7.535037
6.595903
-7.569376
7.988680
-7.795452
8.852550
-8.053534
8.260946
-10.922793
10.762501
-9.267243
6.226614
-5.934872
4.122484
-3.019250
4.471423
-1.000273
0.331748
4.651384
-3.405381
2.346304
-2.672781
3.321614
-4.725871
3.598696
-5.419830
4.887624
-4.954147
4.575880
-3.707481
3.906773
-2.369150
2.071483
-0.588603
-0.362441
-0.766949
-1.441154
2.424394
-3.841850
2.654490
-1.672923
2.276355
-0.050289
0.802149
-1.488060
2.446191
-2.978363
1.545705
1.174698
-2.608334
4.054021
-4.688743
7.218515
-6.961993
8.200974
-9.410530
10.034751
-10.177711
9.560890
-9.137616
9.833609
-9.950851
9.582188
-9.726203
10.634781
-11.313417
11.733482
-8.204869
6.779136
-6.978525
4.616329
-4.474344
1.652214
-1.658258
1.038226
-1.354754
1.277305
-1.678604
2.337571
-1.978877
2.232894
-1.828931
1.315191
0.787348
1.727918
-1.471969
2.490147
-4.749360
4.763150
-3.746222
4.496985
-4.154874
4.856130
-7.263568
6.905062
-6.211081
6.059376
-4.385714
3.150752
-4.597268
4.208261
-5.777846
4.849992
-5.556275
3.423138
-2.260924
0.922790
-0.508698
1.101670
-2.678403
2.860046
-3.374939
5.018105
-3.407248
4.248657
-4.496274
4.195564
-4.957869
4.366155
-4.887989
4.329446
-4.107423
6.253592
-6.567737
6.314782
-7.569179
9.220441
-9.835178
11.686032
-10.052356
10.549744
-10.731009
9.553122
-10.055650
9.218273
-8.149325
7.936125
-7.323273
8.013922
-4.758218
4.356628
-3.069430
0.936596
-0.981810
2.039196
-1.234153
-0.445931
0.380238
-3.762749
2.444024
-3.661231
4.926381
-6.450964
8.532124
-7.274925
4.963223
-4.593011
4.694600
-5.405631
4.219064
-3.031028
2.508680
-0.725711
-0.355695
1.162279
-0.512654
0.687194
0.382709
0.107215
0.717884
-0.696865
2.211070
-2.444475
3.811474
-6.123728
7.249474
-5.951185
6.002561
-5.166434
3.974726
-6.429055
5.871242
-9.985546
10.743618
-14.109375
14.194777
-14.303679
14.595104
-16.598013
15.623486
-16.376869
14.045699
-11.189982
9.540400
-7.180597
7.783736
-8.161574
7.797694
-9.075597
9.372220
-5.310632
5.916224
-2.583490
2.914145
-1.168534
1.027374
0.382668
0.716938
1.780007
-1.214252
3.327959
-2.288018
-0.620529
-0.631446
-0.202456
-1.334718
0.994701
-0.563667
2.292752
-3.959569
4.621628
-5.329002
5.406833
-5.731498
5.854816
-7.558546
6.111252
-9.163445
7.525219
-7.457964
6.312938
-8.452772
8.780230
-9.322910
6.903602
-4.757132
4.694680
-5.680267
4.897353
-3.615592
0.674469
0.560322
-0.877408
2.059317
-0.558055
0.555418
0.751329
0.231752
2.259616
-1.832659
1.963121
0.432410
-0.194542
1.236613
2.466762
-4.021833
2.781648
-1.578151
1.111088
0.282427
0.396475
-2.239972
2.430247
-1.591962
1.259964
-0.813634
-1.198850
2.238585
-3.946513
3.109478
-3.651173
3.906000
-3.830749
3.143440
-5.786813
7.268033
-4.649919
4.904958
-2.031490
2.901645
-3.345581
5.155620
-6.059139
4.598196
-6.306871
7.638999
-6.854396
6.962142
-4.372157
3.587609
-3.041959
2.894461
-1.868323
2.300643
-0.174855
-0.138419
-1.774584
0.522253
-1.433863
-0.110225
-0.214341
0.791999
0.883918
-0.757422
1.119108
-2.119839
4.109080
-5.184739
4.695345
-3.193025
3.341375
-3.264098
2.473927
-2.548460
2.663847
-4.452193
4.183782
-4.152636
4.210124
-4.751570
4.761383
-5.856202
5.102742
-7.233171
8.172217
-8.435655
8.062467
-9.373706
7.713513
-9.405176
10.540035
-11.464870
9.714108
-9.791040
8.800998
-7.945087
7.568016
-7.725948
6.702260
-7.148090
6.951530
-6.547573
5.074083
-3.857385
3.827826
-2.418709
0.064927
0.537108
-1.342621
3.486493
-3.554205
3.560424
-0.682223
1.887523
-1.507746
2.409836
-1.470259
2.639021
-3.235611
3.238783
-3.329774
4.752263
-3.465576
4.616684
-3.650379
2.535784
0.706322
0.442678
-0.058686
-0.965317
0.368424
-0.031799
-0.174243
-0.761362
1.191287
-1.026489
0.104748
-0.273599
0.823410
-1.013126
-0.232537
-2.277638
3.031340
-3.885064
3.472821
-2.667773
0.723294
-0.536543
1.422286
-0.663169
-0.379613
0.588827
-0.479848
0.056548
-0.852872
0.731581
-2.260442
3.209005
-2.580290
3.994502
-4.345475
5.616756
-6.335561
5.730442
-5.810198
6.995780
-8.609077
8.088327
-7.267510
6.120736
-4.954072
4.958814
-6.785411
5.845982
-5.597016
4.919566
-4.338153
1.703445
-1.303765
2.657445
-0.796159
-1.968912
1.613998
-2.085002
1.460112
-2.451188
3.847152
-4.909997
4.570123
-4.007806
2.582106
-4.071565
4.149169
-3.926629
3.424161
-3.366829
3.268458
-1.080822
-0.871896
-0.674873
-0.067014
1.390501
-2.004874
2.410431
-3.713667
1.434761
-1.959778
2.252148
-1.775902
-0.477807
2.782488
-2.952298
4.068025
-2.472317
3.989075
-4.165291
7.828896
-10.145926
11.207725
-12.299018
11.211104
-10.574765
12.895700
-13.802579
15.184222
-14.113244
15.909122
-15.029521
12.972619
-10.439326
9.364144
-9.076329
8.832301
-9.498008
8.116758
-7.273561
6.277209
-3.561660
2.596878
-1.016630
3.585459
-3.534598
2.279229
-1.376308
1.865600
-2.812821
1.112042
-0.319683
2.413912
-1.632378
1.770507
-1.440832
1.603302
-1.952690
3.462808
-4.048043
2.250908
-5.267331
6.658484
-7.187944
8.441543
-8.748795
8.800472
-8.816086
6.613573
-6.943980
6.643263
-8.343231
8.551325
-9.320830
7.862224
-7.121705
6.255565
-6.567940
5.609516
-5.755386
5.499558
-2.549058
2.487444
-3.386662
2.378891
-2.017484
4.745463
-2.931540
3.212676
-0.719717
2.577544
-2.144595
0.133699
1.879216
0.209682
-2.013821
2.594648
-1.952790
1.344167
-1.000890
2.954843
-3.900417
4.206970
-4.236854
5.178451
-5.533307
4.624037
-5.060866
6.483699
-8.803535
6.275599
-7.077547
8.305287
-9.496787
8.247123
-6.667231
5.061635
-5.529693
6.149892
-6.006979
4.888065
-5.261736
4.715385
-2.065277
1.191970
-1.526689
0.510718
0.868013
-1.698286
2.349580
0.872563
-2.837232
3.134818
-3.944395
3.977780
-5.844270
7.582582
-7.303359
7.237332
-7.810682
7.106473
-3.761116
3.379653
-3.840018
