3.071126
-1.251714
2.378508
0.742999
-1.088726
1.235133
-0.831808
0.656411
-0.931647
1.681933
-1.767524
0.407031
-0.802604
0.980068
-1.034397
-2.132809
3.595291
-6.020404
3.884715
-4.229507
6.253967
-8.698826
9.007587
-9.084585
10.393850
-11.106874
11.625002
-10.042143
10.259693
-11.335236
12.355009
-7.800797
6.298941
-6.819876
6.073622
-4.057979
4.423876
-3.875938
4.452291
-5.643623
5.929039
-4.776505
3.294418
-3.158641
2.514155
-1.905534
-2.272852
3.717896
-3.318563
5.563941
-4.739890
3.186225
-1.230443
0.340511
0.486877
-0.232142
-1.470989
2.005144
-2.314096
3.471282
-6.165450
6.547816
-4.801065
3.547986
-3.034004
3.566133
-1.703560
-0.451600
1.681554
-2.047423
-1.419489
-0.409857
-1.355869
3.326064
-3.380328
4.893971
-4.955488
6.115337
-3.981836
4.953599
-2.061500
2.220982
-5.201300
5.757742
-6.794924
5.259200
-6.630340
5.929384
-7.658346
7.610583
-5.499303
8.213226
-7.788023
5.112139
-4.379996
4.020573
-2.240000
1.466302
-2.626569
2.478847
-4.826465
4.095017
-1.767465
1.713029
1.129913
0.422575
1.412916
2.289131
-1.392601
0.470804
-0.841366
-2.199660
3.461579
-2.351310
1.665878
-1.885080
2.025681
-2.074672
-0.159767
-0.455940
-0.621508
-0.158204
-0.727638
-0.063176
-3.290051
2.233604
-0.723053
-1.080342
1.595567
-2.226084
1.249768
-1.063078
-0.552847
0.989532
-3.749311
0.530250
-0.120911
0.034050
3.034342
-3.755972
3.231813
-1.765524
2.159441
-2.325431
3.812976
-2.510140
1.495185
-0.793174
-1.850056
2.551109
-1.230302
0.295976
-1.370410
3.480659
-1.458199
3.328127
-4.848912
5.170586
-7.466418
8.136080
-5.300195
5.579726
-5.073299
6.125803
-7.036813
6.260621
-6.689019
5.080786
-4.612575
4.831164
-4.688454
6.296271
-5.426340
2.959987
0.011692
0.646226
0.121748
0.501905
-1.042556
0.213151
-0.339061
0.619864
-0.620532
-0.560622
1.575330
-2.706390
3.441056
-2.902290
3.138420
-4.647000
5.803535
-5.868089
5.712784
-6.957954
4.379093
-7.595141
7.859410
-5.531973
6.086849
-5.516958
4.652388
-4.616663
3.398300
-1.849928
-0.249815
-1.393181
0.492341
-2.945951
1.715896
-1.780558
-0.099524
-0.506484
0.970042
3.409586
-3.400759
6.888974
-5.786120
3.744205
-3.708662
4.001255
-5.078394
2.440994
-2.124108
1.328397
-0.323605
3.754350
-3.789328
5.288172
-5.081697
5.479483
-2.546006
2.221324
-0.207503
-2.499529
3.570960
-4.767685
3.701670
-2.740809
3.073870
-3.970981
4.466159
-1.404788
2.380175
-1.293929
-0.846035
-0.722590
0.399294
-1.535813
4.011468
-1.758482
-1.597109
3.298479
-4.497691
5.063527
-7.977982
9.701067
-11.397939
9.053362
-9.776045
11.027891
-10.797525
7.661976
-8.862411
7.876318
-6.098310
7.206843
-5.535292
9.898529
-9.721752
7.548631
-6.908594
4.366871
-4.533656
4.927451
-2.759520
1.890877
0.745286
-2.027498
2.589301
-3.511904
3.633376
-3.181431
2.382422
-2.604307
2.952317
-3.862059
2.894336
-3.805451
4.059125
-5.542214
5.458564
-4.302447
3.618518
-5.740084
8.306495
-8.034778
5.616794
-4.526644
5.015292
-2.540500
2.339399
0.941974
1.507307
-1.074325
2.562346
-2.053791
2.351088
-3.264113
0.589429
1.357016
-1.894664
1.808973
-2.556818
3.437600
-5.393289
3.242859
-2.864941
2.614685
-1.316359
-1.457845
0.846375
-2.772004
0.795956
0.105281
-2.188957
1.368295
-3.149677
1.872662
-1.627841
1.861598
0.381653
0.297972
-0.284504
1.365770
-2.437329
3.816866
-2.920317
5.543673
-8.120369
8.922915
-6.922520
8.317719
-6.009667
6.449789
-6.259894
5.364386
-5.175802
4.418374
-5.209289
4.907201
-5.930122
6.257702
-3.718589
3.312984
-2.330912
1.534755
-2.482906
0.486792
1.886939
-1.451182
0.771563
-3.082466
3.597418
-5.059285
6.132127
-4.028380
5.654785
-2.652595
2.674687
-2.962855
1.125418
-1.138562
1.034755
-1.281271
1.169658
0.977221
0.368640
0.489451
-0.884887
0.305801
0.599334
-2.068617
1.406014
-2.455686
1.823015
-3.695236
3.583231
-3.876098
4.110437
-2.537966
4.020956
-2.556786
1.264756
-0.979061
-1.122638
-0.622745
-2.352893
2.228322
-4.732066
3.153238
-3.735007
5.107163
-7.625436
7.802091
-8.185238
10.275593
-10.466946
7.897575
-6.348138
6.118927
-7.120424
5.876515
-6.831850
6.813577
-6.285736
7.496726
-5.528190
6.253434
-5.477691
7.191370
-7.865979
8.047206
-6.832466
8.333648
-6.229643
6.707041
-8.039575
8.919841
-9.260422
8.020625
-7.371484
6.529781
-4.024806
4.113864
-4.770141
5.490739
-4.941349
4.324954
-3.897599
3.946969
-5.037911
4.686016
-7.017126
5.929307
-7.535037
6.595903
-7.569376
7.988680
-7.795452
8.852550
-8.053534
8.260946
-10.922793
10.762501
-9.267243
6.226614
-5.934872
4.122484
-3.019250
4.471423
-1.000273
0.331748
4.651384
-3.405381
2.346304
-2.672781
3.321614
-4.725871
3.598696
-5.419830
4.887624
-4.954147
4.575880
-3.707481
3.906773
-2.369150
2.071483
-0.588603
-0.362441
-0.766949
-1.441154
2.424394
-3.841850
2.654490
-1.672923
2.276355
-0.050289
0.802149
-1.488060
2.446191
-2.978363
1.545705
1.174698
-2.608334
4.054021
-4.688743
7.218515
-6.961993
8.200974
-9.410530
10.034751
-10.177711
9.560890
-9.137616
9.833609
-9.950851
9.582188
-9.726203
10.634781
-11.313417
11.733482
-8.204869
6.779136
-6.978525
4.616329
-4.474344
1.652214
-1.658258
1.038226
-1.354754
1.277305
-1.678604
2.337571
-1.978877
2.232894
-1.828931
1.315191
0.787348
1.727918
-1.471969
2.490147
-4.749360
4.763150
-3.746222
4.496985
-4.154874
4.856130
-7.263568
6.905062
-6.211081
6.059376
-4.385714
3.150752
-4.597268
4.208261
-5.777846
4.849992
-5.556275
3.423138
-2.260924
0.922790
-0.508698
1.101670
-2.678403
2.860046
-3.374939
5.018105
-3.407248
4.248657
-4.496274
4.195564
-4.957869
4.366155
-4.887989
4.329446
-4.107423
6.253592
-6.567737
6.314782
-7.569179
9.220441
-9.835178
11.686032
-10.052356
10.549744
-10.731009
9.553122
-10.055650
9.218273
-8.149325
7.936125
-7.323273
8.013922
-4.758218
4.356628
-3.069430
0.936596
-0.981810
2.039196
-1.234153
-0.445931
0.380238
-3.762749
2.444024
-3.661231
4.926381
-6.450964
8.532124
-7.274925
4.963223
-4.593011
4.694600
-5.405631
4.219064
-3.031028
2.508680
-0.725711
-0.355695
1.162279
-0.512654
0.687194
0.382709
0.107215
0.717884
-0.696865
2.211070
-2.444475
3.811474
-6.123728
7.249474
-5.951185
6.002561
-5.166434
3.974726
-6.429055
5.871242
-9.985546
10.743618
-14.109375
14.194777
-14.303679
14.595104
-16.598013
15.623486
-16.376869
14.045699
-11.189982
9.540400
-7.180597
7.783736
-8.161574
7.797694
-9.075597
9.372220
-5.310632
5.916224
-2.583490
2.914145
-1.168534
1.027374
0.382668
0.716938
1.780007
-1.214252
3.327959
-2.288018
-0.620529
-0.631446
-0.202456
-1.334718
0.994701
-0.563667
2.292752
-3.959569
4.621628
-5.329002
5.406833
-5.731498
5.854816
-7.558546
6.111252
-9.163445
7.525219
-7.457964
6.312938
-8.452772
8.780230
-9.322910
6.903602
-4.757132
4.694680
-5.680267
4.897353
-3.615592
0.674469
0.560322
-0.877408
2.059317
-0.558055
0.555418
0.751329
0.231752
2.259616
-1.832659
1.963121
0.432410
-0.194542
1.236613
2.466762
-4.021833
2.781648
-1.578151
1.111088
0.282427
0.396475
-2.239972
2.430247
-1.591962
1.259964
-0.813634
-1.198850
2.238585
-3.946513
3.109478
-3.651173
3.906000
-3.830749
3.143440
-5.786813
7.268033
-4.649919
4.904958
-2.031490
2.901645
-3.345581
5.155620
-6.059139
4.598196
-6.306871
7.638999
-6.854396
6.962142
-4.372157
3.587609
-3.041959
2.894461
-1.868323
2.300643
-0.174855
-0.138419
-1.774584
0.522253
-1.433863
-0.110225
-0.214341
0.791999
0.883918
-0.757422
1.119108
-2.119839
4.109080
-5.184739
4.695345
-3.193025
3.341375
-3.264098
2.473927
-2.548460
2.663847
-4.452193
4.183782
-4.152636
4.210124
-4.751570
4.761383
-5.856202
5.102742
-7.233171
8.172217
-8.435655
8.062467
-9.373706
7.713513
-9.405176
10.540035
-11.464870
9.714108
-9.791040
8.800998
-7.945087
7.568016
-7.725948
6.702260
-7.148090
6.951530
-6.547573
5.074083
-3.857385
3.827826
-2.418709
0.064927
0.537108
-1.342621
3.486493
-3.554205
3.560424
-0.682223
1.887523
-1.507746
2.409836
-1.470259
2.639021
-3.235611
3.238783
-3.329774
4.752263
-3.465576
4.616684
-3.650379
2.535784
0.706322
0.442678
-0.058686
-0.965317
0.368424
-0.031799
-0.174243
-0.761362
1.191287
-1.026489
0.104748
-0.273599
0.823410
-1.013126
-0.232537
-2.277638
3.031340
-3.885064
3.472821
-2.667773
0.723294
-0.536543
1.422286
-0.663169
-0.379613
0.588827
-0.479848
0.056548
-0.852872
0.731581
-2.260442
3.209005
-2.580290
3.994502
-4.345475
5.616756
-6.335561
5.730442
-5.810198
6.995780
-8.609077
8.088327
-7.267510
6.120736
-4.954072
4.958814
-6.785411
5.845982
-5.597016
4.919566
-4.338153
1.703445
-1.303765
2.657445
-0.796159
-1.968912
1.613998
-2.085002
1.460112
-2.451188
3.847152
-4.909997
4.570123
-4.007806
2.582106
-4.071565
4.149169
-3.926629
3.424161
-3.366829
3.268458
-1.080822
-0.871896
-0.674873
-0.067014
1.390501
-2.004874
2.410431
-3.713667
1.434761
-1.959778
2.252148
-1.775902
-0.477807
2.782488
-2.952298
4.068025
-2.472317
3.989075
-4.165291
7.828896
-10.145926
11.207725
-12.299018
11.211104
-10.574765
12.895700
-13.802579
15.184222
-14.113244
15.909122
-15.029521
12.972619
-10.439326
9.364144
-9.076329
8.832301
-9.498008
8.116758
-7.273561
6.277209
-3.561660
2.596878
-1.016630
3.585459
-3.534598
2.279229
-1.376308
1.865600
-2.812821
1.112042
-0.319683
2.413912
-1.632378
1.770507
-1.440832
1.603302
-1.952690
3.462808
-4.048043
2.250908
-5.267331
6.658484
-7.187944
8.441543
-8.748795
8.800472
-8.816086
6.613573
-6.943980
6.643263
-8.343231
8.551325
-9.320830
7.862224
-7.121705
6.255565
-6.567940
5.609516
-5.755386
5.499558
-2.549058
2.487444
-3.386662
2.378891
-2.017484
4.745463
-2.931540
3.212676
-0.719717
2.577544
-2.144595
0.133699
1.879216
0.209682
-2.013821
2.594648
-1.952790
1.344167
-1.000890
2.954843
-3.900417
4.206970
-4.236854
5.178451
-5.533307
4.624037
-5.060866
6.483699
-8.803535
6.275599
-7.077547
8.305287
-9.496787
8.247123
-6.667231
5.061635
-5.529693
6.149892
-6.006979
4.888065
-5.261736
4.715385
-2.065277
1.191970
-1.526689
0.510718
0.868013
-1.698286
2.349580
0.872563
-2.837232
3.134818
-3.944395
3.977780
-5.844270
7.582582
-7.303359
7.237332
-7.810682
7.106473
-3.761116
3.379653
-3.840018
3.397150
-2.388041
2.654052
-7.126579
8.162898
-7.455083
6.051821
-3.860473
4.315563
-3.994146
5.227827
-2.626669
3.249181
-2.424985
1.027811
1.383669
-0.857693
-1.899418
1.926540
-2.548756
2.445704
-2.044737
1.024994
0.951128
-2.334538
1.510144
-3.220688
4.436044
-5.863899
5.590276
-8.475424
7.116006
-7.674594
5.105916
-4.572896
2.182518
-3.246101
1.341712
-1.160470
-0.762707
0.475690
-2.187470
0.565535
0.576212
-2.079056
2.453192
-0.804523
0.445213
0.233600
0.230143
0.741902
-0.541310
-1.559161
2.909694
-1.444388
2.216146
-1.396111
2.546464
-3.276560
4.982776
-4.133706
4.529177
-3.040001
1.511175
1.955009
0.093224
-0.247043
-0.647764
0.385047
0.192826
0.066679
-1.283111
4.040240
-2.638101
1.847060
-0.605775
-0.235562
1.770646
0.018066
0.270461
-0.343526
1.375270
-2.266063
1.522688
-2.743513
1.800923
-1.915740
3.070251
-3.217729
0.397907
1.743179
0.897749
-2.580206
2.078908
-2.122563
0.480543
2.147635
-3.924612
3.247537
-3.703696
3.480848
-4.735803
4.863975
-3.878332
4.189794
-4.409443
2.731488
-3.733275
2.254648
0.047139
-0.805269
-0.058838
1.676918
-1.500445
0.574316
-1.311481
0.091321
-0.607541
0.502606
-2.514289
1.805246
-1.977623
2.667794
-1.912024
1.307782
-0.794885
3.998771
-2.363211
3.461755
-4.701418
4.411966
-4.498101
4.094187
-4.519900
6.199379
-4.894448
3.972811
-2.068504
2.652488
-0.447321
1.831734
-0.741622
1.030968
-1.583021
2.399705
-2.287106
-0.249499
-0.187206
2.266237
-1.644923
1.300543
-1.258291
1.643188
-0.905688
1.981595
-3.406756
3.674981
-4.800751
4.172595
-2.953240
2.587681
-1.665983
1.161327
-1.382814
3.030511
-2.822102
3.490796
-4.798801
3.292933
-2.185655
1.982484
-2.781842
1.495953
-1.727098
-0.079571
1.216581
0.129541
-1.316261
1.278430
-4.521272
2.182248
-3.004876
5.189982
-3.566467
1.715696
-2.445486
4.506096
-4.115975
3.715751
-4.768898
4.742360
-5.240180
5.560512
-5.357333
4.162659
-4.471210
3.772163
-2.808763
2.194032
0.118201
0.518662
1.744720
-2.687964
0.285846
1.773053
-1.810215
-1.864992
0.593633
-0.221589
0.247155
-0.466692
2.430482
-1.492984
3.206464
-2.609490
2.788268
-2.019576
1.977381
-2.132090
3.084717
-2.590348
-0.431936
-0.004045
0.567911
-2.389674
2.116349
0.108215
2.038932
-1.995297
2.192020
-1.260895
0.794831
-2.698012
0.936570
0.049735
-0.675054
-0.890574
3.484564
-3.354350
1.486149
-0.005019
2.064579
-1.869598
1.790659
-2.885162
4.149871
-4.064720
3.480584
-3.564654
2.781855
-5.019543
4.360008
-3.851455
4.698792
-4.406539
5.262122
-5.708128
3.709051
-2.341583
2.865432
-3.495834
0.990838
-2.674884
3.188477
-1.125470
1.855746
-1.916814
3.648141
-2.805676
2.222116
0.814674
-3.162111
5.812967
-7.027407
7.068842
-8.309816
9.582622
-9.772451
9.093576
-10.083519
8.420578
-6.515753
7.408088
-8.077692
7.035605
-8.834480
8.650208
-11.864568
11.971741
-11.480031
11.601476
-10.448571
6.835689
-6.829479
6.556080
-5.484954
6.511601
-6.981615
7.145696
-6.716549
7.931698
-8.233080
8.228139
-6.879359
6.045796
-5.641483
5.706875
-3.763833
3.064296
-2.789870
0.428404
1.189013
1.296019
-1.212239
-1.786512
2.211438
-3.049458
2.101014
-4.183042
4.306221
-4.509310
2.195672
-1.313236
1.315539
-0.367130
0.015580
-1.326314
1.461512
-0.524220
0.791566
-0.980138
0.815096
-1.377150
2.477697
-0.515063
-0.825306
1.449900
0.184925
1.849312
-0.020051
0.964171
-0.750509
-0.521955
1.544213
-1.870341
2.057787
-2.348004
1.726512
-2.405692
1.658176
-1.804728
2.015785
-2.750031
0.891742
0.699691
1.624089
-2.864845
1.769830
-2.138115
0.520549
0.285894
2.274001
-1.128570
0.512810
0.625993
-0.977064
0.472477
-0.977602
1.370090
-1.022320
2.269424
-3.617673
4.412593
-5.037894
3.521267
-7.109320
7.900190
-7.866961
8.285651
-8.540850
8.432534
-9.556579
8.041412
-9.226479
7.194028
-6.834560
8.124769
-6.806706
3.960192
-4.098223
1.025971
-0.509678
-0.212549
0.480600
-0.216081
2.334352
-3.914351
6.984635
-8.551450
8.346591
-9.204375
9.375855
-9.751878
10.032458
-8.187812
8.680993
-8.466292
8.418361
-5.764461
6.998976
-3.012247
2.566170
-1.610209
2.895279
-3.302930
3.716664
-2.610449
-0.176238
1.845888
-2.368452
0.765404
-1.793722
4.119797
-3.941586
2.913938
-2.551573
2.555912
-1.883351
1.140334
-1.830670
0.409450
-0.119506
-0.534521
-0.957888
1.387259
-2.638316
3.158599
-3.265311
2.262593
-1.765459
2.168025
-2.627975
1.141346
-2.554851
2.243217
-4.018323
4.530686
-3.565232
3.741885
-1.582968
0.384756
-1.343462
1.033073
-0.415672
0.341808
0.308055
-0.521108
0.969836
-1.893969
4.048367
-2.202405
2.660948
-2.768120
4.483565
-4.680474
5.064718
-6.421821
4.383870
-5.624401
2.150042
-0.621387
0.717452
-0.891546
2.328623
-4.576576
5.348703
-6.821050
7.190132
-5.908865
5.501589
-7.705425
8.435699
-7.434451
6.813103
-6.748068
6.652073
-5.650902
3.645775
-0.545499
1.975759
-2.523790
4.329868
-4.481107
2.295985
0.139620
-2.526981
3.935564
-2.239123
2.756042
-3.676096
5.094927
-5.052367
2.967125
-2.070152
3.333535
-2.358482
0.744878
0.852702
-2.003534
3.105850
-3.419952
2.733416
-2.187346
3.381732
-3.895895
5.767936
-5.471733
3.147930
-4.856040
4.121159
-5.202981
4.632058
-4.146935
1.455598
-2.709771
0.472019
-0.167124
0.414646
-1.697636
-1.707491
2.358731
-0.891829
2.787060
-3.847814
4.144839
-5.597609
4.300992
-3.795302
5.569993
-7.692222
8.622652
-8.605518
9.765396
-6.250918
6.196636
-4.759420
6.934563
-5.680996
6.348754
-3.781818
4.042863
-2.024207
1.050893
1.276569
-1.054400
0.366677
0.583538
0.409093
-2.027363
5.311535
-6.178406
6.924749
-6.692915
2.936373
-2.763895
2.814419
-3.171363
1.461303
-1.940448
2.070075
-2.294819
-1.245426
-0.751305
-0.746823
0.755719
1.421955
-2.741302
2.974227
-1.387591
0.864970
-2.730253
2.737134
-1.515989
6.587943
-7.024158
7.926178
-7.809373
6.911994
-4.712911
2.894952
-3.395260
4.367795
-1.503199
0.521339
0.437498
0.633450
-0.806363
0.334942
-1.297287
1.437178
1.693370
-1.120181
-2.645600
0.178269
-0.164824
-2.357193
2.352131
-0.722913
-1.017805
0.921176
0.280482
0.632478
-2.562474
2.691280
-4.063138
3.913894
-2.839411
0.168302
-0.196719
-0.748575
-0.509724
0.413383
2.453427
-2.636343
3.470634
-1.980611
0.206256
1.434965
-2.304729
4.592234
-5.137398
4.216114
-5.025908
3.951328
-4.476383
2.513559
-3.291323
4.678977
-3.803058
4.645925
-4.230846
2.668488
-3.091659
0.528024
-0.847744
-0.317535
3.371562
-6.581626
7.751830
-6.460267
7.634173
-8.377944
9.489883
-7.839828
9.205529
-8.193164
7.650499
-6.735563
5.844645
-4.019493
4.300883
-3.017507
4.597436
-3.191336
3.026420
-1.865860
0.471872
0.577754
0.305352
-1.767861
1.613780
-0.405596
1.909960
-0.092708
0.540561
-1.375605
4.716374
-5.782373
6.287404
-8.207814
8.394492
-6.762913
4.330902
-4.356688
5.420116
-5.964470
5.340016
-7.044706
6.858345
-7.478048
5.164062
-5.216453
3.580022
-5.060085
3.325716
-2.999957
1.868288
-0.007393
0.369180
2.396144
-4.785049
1.708317
-0.113829
1.730702
-0.449271
0.822178
-0.406481
3.063991
-1.991208
-0.017209
1.186816
-1.294590
3.044446
-1.831201
2.331483
-0.514855
-1.518237
0.894808
-0.975756
-0.772160
1.315762
0.633999
-1.564106
-0.154801
-0.880151
1.326502
-2.660553
2.253617
-4.948841
5.965039
-7.670416
7.669002
-9.237357
8.534899
-8.796265
6.733867
-5.226800
4.505332
-3.718381
3.735129
-3.525197
3.201522
-2.917859
4.470837
-4.902615
4.444680
-4.748271
4.968661
-4.105062
3.809206
0.586849
-0.476232
0.846704
0.908818
0.079495
-1.922353
1.641695
-0.690717
0.902881
-3.152739
4.184331
-5.651084
4.600196
-5.626909
5.168308
-5.606839
7.754959
-8.206605
6.793115
-5.509136
2.772770
-4.007536
3.550770
-6.023707
5.099182
-3.610564
2.243483
-4.236973
3.077962
-5.104300
5.480925
-4.249896
4.185389
-3.362133
3.787016
-3.171819
3.720583
-4.505649
6.278156
-5.959980
5.231348
-4.484568
3.528504
-0.814995
1.516126
-1.106724
1.884216
-0.103468
-2.326914
5.590770
-6.462363
7.003627
-6.565499
5.505898
-5.120201
6.563877
-7.672668
7.164927
-6.927626
4.913539
-4.824364
3.857604
-2.156530
0.186842
0.543468
0.588624
-1.463907
-0.538628
3.193135
-3.544375
4.469834
-5.086922
4.201796
-5.392879
5.408085
-6.103883
6.159606
-5.187067
3.918517
-3.075920
5.208096
-4.123249
1.922519
-3.863118
3.599008
-3.453661
3.811917
-1.026621
0.246811
-0.123080
-1.535459
2.478086
-2.583864
5.869347
-8.212067
8.950440
-8.367240
7.962706
-9.776730
9.549442
-10.575368
7.157477
-3.616993
6.046603
-8.100879
9.682537
-8.281734
6.745702
-7.667599
6.262104
-4.651664
3.570373
-1.967090
2.773687
-1.913947
0.329388
-0.574912
0.947117
2.448340
-1.035135
0.848736
2.328884
-3.334465
1.677740
-0.153535
-2.959554
4.092336
-3.989785
5.898451
-4.542578
4.682063
-3.334986
3.128844
-3.689863
4.691694
-3.951834
2.978499
-3.527109
1.348970
0.869447
-0.761106
-1.517936
-2.035836
2.245841
-1.113408
2.536256
-4.697751
3.981879
-3.990438
2.326255
-1.764280
-0.616722
1.568849
-3.377264
2.603132
-2.922964
4.295627
-3.819074
4.494297
-4.704119
4.039068
-2.906884
5.581453
-5.878109
5.621114
-4.494072
6.245419
-5.367326
4.266582
-2.263158
1.795521
-1.296334
-0.803308
0.776098
-1.084694
0.894601
-1.308746
1.660469
-0.860237
-1.889665
2.748384
-2.554516
1.397048
0.417471
-0.476286
-1.704256
3.294354
-5.123933
6.098539
-6.040324
6.098928
-6.886926
7.101265
-4.145537
3.964719
-3.894495
3.704887
-4.290280
1.838938
-1.620854
0.219351
0.254626
1.513860
-1.403753
-1.481034
0.245799
-2.194057
2.460587
-2.875534
2.010977
-3.520085
6.610040
-6.128191
1.506969
-0.670447
0.472219
0.223358
-1.303275
4.168692
-3.815557
3.305854
-3.376801
0.493399
-0.839404
2.079018
-1.069068
0.039813
1.645347
-1.537150
2.408322
-0.241742
-1.151715
1.505565
1.050014
-2.691828
3.069469
-3.412772
3.961323
-5.190750
3.699863
-2.084093
2.765417
-0.397956
-0.256262
0.500011
-0.186091
2.155429
-3.046516
2.996200
-3.428857
0.934066
-3.118334
2.234974
-3.553771
5.202348
-6.921171
5.213469
-5.886529
5.958409
-5.877580
8.024331
-9.468904
8.855749
-10.241873
11.631783
-10.878160
10.890806
-8.532968
7.739625
-7.008722
9.345220
-6.352160
6.852613
-4.876968
5.171756
-5.155682
6.368018
-5.610604
3.754039
-2.961566
0.391614
0.392086
-0.791588
2.090443
-3.475617
2.518617
-3.660489
1.540565
-0.541420
-1.207441
1.948267
-4.253678
4.941315
-7.009932
7.835227
-7.254557
6.964543
-5.975298
6.938590
-7.497406
9.077748
-8.889279
10.321182
-9.469200
9.518581
-9.325344
8.381600
-7.912234
4.192326
-3.698128
0.691969
0.718844
1.899762
-2.451994
0.348488
0.735983
0.514950
0.254401
-0.078833
-0.322257
-1.630768
-0.000584
-0.791889
0.411328
0.964111
-0.065407
0.405352
-0.678351
5.336326
-3.244610
3.626087
-4.214216
1.350777
1.471969
1.830468
-2.976696
2.271679
-3.719520
4.549406
-3.580525
4.704437
-2.338785
1.924444
-1.925172
0.371735
-1.504567
1.700853
-1.905258
1.227673
-2.402557
3.271568
-2.868022
3.190053
-5.000518
3.381857
-2.526879
2.618308
-2.295052
3.792901
-2.167319
1.689574
-1.709097
2.371234
-3.244114
4.279830
-4.595609
5.088695
-4.481368
3.602520
-4.257521
2.883716
-2.758370
4.100688
-2.807161
1.476503
-2.719901
2.733052
-2.930172
2.182605
-3.257942
3.782653
-4.232502
5.795480
-4.794154
2.857418
-2.526157
2.606186
-2.206228
2.575601
-2.568269
3.705059
-5.561018
3.074257
-5.170767
5.457510
-3.324466
0.961818
0.325184
0.785079
0.403909
1.422118
-2.205643
-0.056290
-2.777691
4.103536
-4.362175
6.144158
-8.014036
7.528638
-6.991116
6.720046
-4.095576
5.152245
-3.404626
3.239947
-3.087745
5.158748
-5.718742
4.631508
-7.072442
3.821272
-2.734093
3.019307
-1.477817
-1.291977
0.050985
-0.458007
0.291176
-0.206198
0.748628
-0.751552
-0.126350
-1.923986
2.384338
-3.078626
2.475820
-3.651010
2.572085
-4.784881
6.298137
-6.713890
7.662086
-6.028346
5.727264
-2.346952
2.941831
-5.456283
7.279381
-7.908316
7.702048
-7.908001
8.770576
-7.601861
6.000227
-5.753872
4.839797
-2.778513
5.220721
-5.670196
4.257731
-2.543720
1.096498
-2.069707
2.911499
-3.810239
4.739810
-3.131512
3.704906
-1.916856
1.421888
0.042479
0.354920
1.303265
-1.602223
3.150897
-2.411556
0.460967
-3.376533
4.715580
-4.812057
5.495163
-4.562260
4.717273
-5.448888
6.955136
-6.466249
6.879899
-8.420283
6.008465
-5.822711
3.357115
-3.176543
0.935620
-0.277621
-0.081107
0.526618
0.816061
2.397216
-2.506276
4.267757
-4.634023
2.367675
-2.910052
3.287246
-4.443566
4.175145
-4.669299
5.584206
-4.464857
3.792099
-1.841019
1.339419
-2.069803
0.451907
-0.780957
0.403197
0.341779
-2.564254
3.653931
-4.876259
6.600165
-6.027102
5.478108
-4.401555
4.785812
-4.041986
4.113739
-4.413808
4.742699
-3.199998
1.441605
-3.267517
4.580240
-3.649215
4.120261
-7.198938
5.776243
-3.754291
4.423929
-3.434564
1.120275
-1.414516
3.099612
-3.935700
2.619362
-1.629087
1.289148
-1.769944
1.578516
-4.414878
6.893401
-5.309568
5.445860
-4.438989
5.170968
-2.820013
1.854709
-3.983257
2.769578
-3.679177
2.569877
-0.767215
-1.513839
4.602336
-3.497913
0.883897
-1.553117
1.461323
-1.144097
2.224627
-3.041281
2.443308
-1.334923
2.690350
-3.523176
2.954451
-1.954415
3.837910
-2.471863
3.263520
-2.990858
1.130977
1.216188
-3.613664
3.364859
-2.770265
1.541074
-2.360023
2.894021
-0.762262
0.341632
-1.636464
1.948011
-2.548564
0.988438
-0.143675
-0.290652
-0.376149
1.211831
-2.103660
2.211735
-2.586206
1.325233
-0.472529
1.157011
-1.694592
4.541523
-4.823509
4.581696
-5.943969
5.972795
-6.357735
6.514600
-6.760675
7.663243
-7.134430
8.306372
-9.076812
7.585364
-8.208772
8.902397
-5.100167
5.009177
-5.851136
5.372567
-3.785291
1.590264
0.566354
-1.088116
1.576994
-1.400758
2.952007
-4.043790
5.875028
-5.508966
5.224333
-6.724382
7.613135
-6.593979
6.369485
-6.354334
3.139048
-3.024859
3.050393
-2.699262
0.506347
-0.092169
-0.844796
1.077804
-1.665199
0.311184
0.122649
-1.381912
-0.564180
2.670420
-1.574605
3.908283
-6.450698
3.559992
-2.539901
3.447640
-2.030706
1.302480
-0.262916
-1.683138
3.049372
-2.306621
2.346611
-3.136638
3.797342
-4.646447
4.735697
-5.139815
5.385788
-6.374238
5.632255
-6.801747
6.655781
-5.265247
7.728195
-8.414762
8.090252
-8.337147
6.825025
-4.996444
4.588881
-3.953560
5.191765
-5.396348
4.768070
-2.357440
2.386852
-0.603539
0.472111
-0.532612
-0.813819
-1.598804
4.472470
-3.535740
1.563994
-2.997570
3.217407
-1.666314
0.564366
-1.194891
0.617225
-2.053032
3.277457
-2.079628
3.395470
-5.404934
4.489639
-4.125459
3.539616
-5.026498
4.583142
-3.391455
2.037890
-2.486930
2.322445
-0.750738
0.801116
-3.439993
3.350692
-3.637742
4.562090
-3.205169
1.144163
-1.791666
-0.096975
-0.357502
-0.182526
-1.092304
1.290879
-1.548568
1.827157
-0.136390
-1.286740
1.683005
-1.917399
1.515594
-4.217853
7.738423
-7.376119
10.148817
-9.793048
8.325746
-9.087718
10.838800
-10.445593
12.806940
-10.690550
11.127024
-11.710564
12.915585
-11.415445
12.946760
-11.270290
10.996019
-10.964920
12.594257
-8.135056
5.398654
-5.314044
4.727343
-5.819202
6.217562
-4.403990
2.310187
-1.665259
2.675065
-3.255198
1.774526
-2.002851
1.699443
-1.729024
-1.283846
0.963806
-0.912372
1.271672
-0.458381
-1.479780
1.384998
1.123210
-0.597237
3.507315
-2.680169
1.917974
-0.915559
0.454494
-4.451627
2.412523
-1.828619
1.633751
0.589323
-1.981985
2.645178
-1.804087
2.249386
-3.949043
0.961641
-0.973877
2.033497
-5.606605
3.442458
-4.668827
2.874164
-3.660333
4.191928
-4.098698
8.210299
-7.296769
9.206438
-6.737103
4.704361
-4.299395
5.084447
-5.769930
4.119350
-3.239216
4.554449
-4.034450
4.387074
-2.003299
3.989110
-3.948348
3.443068
-4.306773
2.133518
-3.094636
0.201541
-0.089415
-0.849994
-2.208671
1.274339
-1.742161
0.267048
-0.287260
-1.257989
0.989932
-1.596374
0.268374
-0.816337
1.506506
-4.228517
4.091080
-1.805778
2.238785
-0.648672
2.736870
-1.182943
2.436369
-1.735726
3.668390
-3.372348
2.832742
-3.514401
3.262486
-2.109167
1.990074
-0.585331
1.296829
-0.748789
-1.575352
2.652260
-4.171701
4.787438
-4.820034
4.400352
-4.689242
5.310106
-5.654010
6.378262
-6.194172
5.337196
-3.505716
5.763816
-5.547468
7.394440
-6.406633
5.532923
-5.503522
3.887280
-3.471697
1.908656
1.521082
-2.303732
3.528084
-3.052670
2.361148
-4.148850
1.651652
-2.671503
1.674752
0.286290
-0.667552
-2.023322
2.521773
-2.536121
3.413693
-4.734580
4.138948
-1.844765
2.957179
-3.539891
0.945789
-0.937288
-0.419922
-0.426455
0.008639
0.886314
1.071797
-0.995981
2.125019
-2.461694
1.896248
-0.944285
-0.553079
2.057145
-2.900423
3.421020
-4.060734
4.768429
-4.393578
7.859330
-9.357731
8.820818
-8.969189
9.006433
-10.041281
10.241322
-10.828747
10.399312
-12.192195
9.989058
-9.559790
12.071858
-10.074804
7.619927
-5.715534
5.365837
-4.248310
2.966210
-2.873099
0.811791
0.587966
-0.349963
1.495016
-1.312176
3.712567
-3.962370
3.720901
-3.609517
4.654323
-3.124728
3.722266
-6.545922
6.374311
-5.619758
4.232730
-4.092381
3.523569
-4.942228
5.203012
-4.769127
4.664819
-4.546678
4.043824
-5.015581
4.536685
-4.122901
6.615930
-7.417469
9.521395
-9.999582
11.106068
-9.853035
7.960251
-8.355254
9.515747
-8.861447
10.768726
-8.239713
7.273507
-7.996133
8.999878
-9.061727
11.327078
-10.195641
7.346668
-7.001350
4.939402
-4.101038
2.001273
-3.050174
0.849416
-1.797839
0.982892
-1.017006
-0.122557
-0.523941
-0.539927
0.065260
-0.307190
-0.249699
0.079977
-0.564580
-0.696439
2.740914
-0.881865
0.218365
0.528593
0.713083
-1.100855
2.204394
-2.543433
3.942109
-2.813581
2.395185
-2.016523
3.802501
-3.460666
2.201605
-1.802074
2.083282
-2.190624
2.169905
-1.708714
1.633474
-2.736422
3.024765
-3.487740
0.798800
-1.058697
1.994991
-0.062406
1.284220
0.337929
1.609152
-2.920178
2.677691
-3.774663
5.053251
-5.712988
7.404279
-7.122821
5.853547
-6.331871
6.740071
-3.704766
0.777199
-2.033298
4.599217
-3.644675
3.222550
-2.523817
2.480542
-3.324766
1.584940
-2.031412
0.404890
0.564003
-1.655675
-0.120090
-1.198201
0.107128
0.391589
-0.076124
-3.632414
0.356664
3.160112
-3.288921
2.343281
-3.104340
4.640430
-4.718114
4.578245
-4.403554
7.079658
-5.584638
6.499387
-7.595090
9.754813
-5.594313
4.344423
-3.657998
2.368520
-3.122574
4.662511
-3.210760
1.253716
-0.153047
-0.229613
0.009549
-2.106676
1.453581
-2.873142
4.394079
-7.386897
7.062108
-6.795764
6.704618
-8.121479
6.524309
-4.328616
5.427685
-3.008371
3.867458
-3.126838
2.915107
-1.866715
3.499482
-3.056707
3.352453
-1.759058
0.599143
-0.811641
-0.333944
1.033060
0.617707
-1.068377
0.941826
-2.237829
0.304728
0.205210
-2.869983
2.432864
-3.964983
2.289719
-1.732755
2.506116
-2.973429
3.581830
-1.060784
-1.389766
0.840394
0.623396
-1.068940
1.426002
-5.757781
6.110742
-5.405587
7.230051
-4.942451
4.404274
-0.691113
0.071240
1.905105
-1.184326
2.938405
-3.579490
1.990169
-1.499214
-1.707118
3.731062
-4.226848
3.098691
-2.903053
3.029886
0.593264
-1.392458
0.904540
-2.583143
1.905504
-0.523054
-3.558822
4.671135
-6.573419
7.036132
-8.588815
9.226568
-9.246955
7.797639
-6.419758
7.892637
-6.212794
6.671929
-7.262658
5.739701
-8.770448
8.169733
-7.676636
9.621713
-10.362512
9.537737
-6.582862
4.480902
-2.180637
0.468484
0.161186
-1.256643
1.420131
-2.154333
1.533865
-3.533011
4.794882
-6.176554
4.850794
-4.726566
7.249850
-6.083564
5.536804
-5.458947
6.050228
-7.529842
6.811740
-5.211047
4.280671
-3.892807
3.922965
-2.285663
4.094722
-1.745658
-0.084501
0.873935
-1.616326
1.569047
0.670371
-0.559918
-0.578528
2.222762
0.272521
-1.577950
2.380251
-1.531960
1.279760
0.211440
-2.713344
4.818578
-7.046178
6.006401
-8.086829
6.487849
-4.651076
3.070539
-4.548883
5.556706
-5.976168
6.395309
-5.967292
2.459352
-4.939295
8.240032
-9.910434
9.461124
-9.432424
7.436261
-6.347097
5.413427
-6.241060
7.614692
-6.778904
7.063223
-5.915874
7.126341
-6.412474
6.369971
-7.238119
7.688517
-7.165882
6.744596
-6.745522
3.589132
-3.511875
2.830450
-4.360486
2.650530
-0.859217
2.253725
-1.051697
-1.820664
0.253969
-1.723792
1.902694
-2.382914
4.097387
-3.811288
2.976721
-3.543961
4.324183
-3.536839
3.881509
-1.775568
1.598353
-2.030182
3.581249
-1.276377
0.360454
0.320093
-0.425574
3.691838
-0.884749
1.775445
-0.947409
0.468765
-2.717200
2.866453
-0.319268
1.547125
-0.366512
2.344618
-2.855934
-0.678811
0.247247
0.443988
-0.978649
1.076401
-2.427783
0.911984
0.739776
-3.495823
1.179285
-1.795491
-1.756497
2.095491
-0.022969
1.237396
-2.446795
2.079191
-5.135231
2.578204
-1.700468
2.688810
-1.719483
1.705550
0.581592
-2.120895
0.682641
-2.548450
2.899076
-2.265387
3.040205
-3.030234
5.633304
-4.438184
2.035042
-3.542459
2.451720
-3.794260
3.111852
-1.787013
1.089781
-0.249830
0.830435
1.796453
-5.631317
6.405881
-3.312742
4.418002
-5.085594
4.876818
-4.723436
5.147928
-4.571115
3.315852
-2.515950
3.949135
-4.372371
4.483929
-2.798208
3.322236
-2.324244
2.516470
-1.928473
0.274477
0.956001
-0.764553
-0.470535
1.722078
-2.521521
4.701436
-6.288640
8.513102
-10.459333
10.520964
-9.502134
8.245851
-6.093849
7.276274
-6.993278
6.873842
-9.680490
9.637728
-10.396731
9.162417
-8.647034
7.167629
-7.081999
5.041692
-4.796290
4.086917
-3.014562
1.085283
-0.843523
3.168465
-5.576719
4.672983
-4.724731
5.012547
-4.773551
4.943097
-1.901313
2.279853
-1.892728
1.786437
-2.344481
2.981485
-0.604650
1.377243
-0.606310
-1.607768
3.022916
-3.157059
2.265478
-4.678243
4.832144
-3.399638
3.015470
-3.453030
3.477849
-3.688485
2.532336
-3.737181
2.623652
-3.372322
3.272859
-2.218984
-0.151959
0.301172
0.100647
1.929321
-2.478598
1.845464
-2.477487
1.880906
-1.313385
0.643166
-0.348628
-1.491581
1.094365
-1.491820
2.627710
-1.184492
1.495452
0.758819
-1.184269
2.969146
-2.175018
2.709813
-5.007168
3.800898
-4.615269
5.069203
-1.857585
2.048872
-1.778287
1.834778
-2.751713
3.812736
-5.283528
5.506674
-7.129830
4.497702
-5.239422
5.847513
-5.157595
3.600380
-3.510306
3.566689
-2.420850
3.361801
-2.185184
1.621745
-4.051758
6.982503
-6.669675
5.213002
-4.449018
6.617712
-6.553385
7.264094
-4.766145
5.613450
-2.591800
2.397291
-1.707276
-0.484301
0.989627
-0.613398
-1.339870
0.266705
0.785587
1.010881
-0.531304
-2.151212
2.032944
0.853221
-0.971292
0.458102
1.919613
-2.015030
-0.863480
1.126193
-1.176496
-0.333720
0.162000
2.955899
-2.957071
2.678592
-0.992694
1.721478
-2.747499
2.638894
-2.193697
2.902097
-3.124587
2.343665
-2.157208
0.825269
-3.532237
3.185988
-3.253713
3.619971
-4.253598
4.342889
-5.656254
5.135681
-5.968020
4.921770
-3.677826
3.809856
-4.956521
4.040935
-1.830184
1.921658
-3.507787
2.578220
-2.470158
0.431330
1.635748
-0.295897
1.501843
-1.388467
1.970863
-1.491705
2.069906
-3.615726
3.093726
-2.190644
0.607985
-1.504576
2.991817
-2.746369
-0.804824
1.649287
0.155638
-0.670266
2.057666
0.030247
-1.055344
-2.284351
2.332967
-2.305392
0.468986
-1.111478
2.499190
-1.426709
3.560903
-4.467014
3.512742
-3.249490
1.700777
-2.987616
4.712376
-5.161672
5.769362
-5.513170
4.257509
-4.880415
3.669086
-1.290965
2.308267
-3.328841
2.920893
-2.177008
-0.257516
-0.240528
-0.257000
0.953353
2.151013
-1.550888
1.537983
-0.157551
-0.984483
0.977171
-0.261012
0.129117
-1.927595
1.659391
-2.388242
0.050290
-1.218230
1.177851
0.453865
1.001415
2.153296
-1.091310
0.584245
-0.646821
-0.549700
0.571700
0.354985
-1.535431
1.737104
-1.654674
1.381272
-0.645883
2.852922
-0.774202
3.172530
-0.873529
2.292312
-1.567498
0.693601
-2.286738
0.618286
-1.283282
0.273263
0.473853
-2.621957
1.389972
-1.561016
1.886578
0.008513
-0.224508
1.507878
-1.649040
1.882852
-1.209181
0.136454
-1.007391
0.042393
0.213711
0.324063
0.159471
-0.279584
1.327222
-3.017310
3.636998
-2.036705
1.698514
-2.943393
3.480767
-5.301344
4.414721
-6.807506
6.537103
-7.082467
4.345451
-4.032851
5.888704
-4.705342
4.578341
-5.281990
5.340729
-4.803095
5.484741
-3.304178
2.303950
-1.169576
5.016745
-4.082612
5.460798
-6.072891
5.816011
-4.484416
6.127163
-6.343691
5.438692
-4.439180
4.228041
-5.021463
5.508790
-5.978043
4.818175
-4.958319
2.731058
-1.459138
0.697711
-1.979723
0.867861
-1.967793
1.484409
-1.523096
1.545466
-1.473649
-0.307127
0.385729
0.973871
-0.687675
-2.072253
1.614733
-4.159086
2.949371
-3.585544
2.967741
-2.712911
2.772632
-4.578689
5.203152
-5.302980
7.816638
-8.406789
10.078762
-9.474083
7.841423
-7.145032
6.764956
-8.034250
8.119349
-7.048853
5.495920
-3.357685
5.564939
-4.525335
5.478167
-3.407298
1.904767
1.309568
-1.468301
2.247919
-3.748405
4.588141
-4.342873
4.963103
-4.799189
3.961906
-4.237768
4.827814
-6.539169
6.247806
-5.100000
4.683356
-5.926725
7.772007
-7.760202
6.167372
-5.208821
3.470288
-4.680365
5.944586
-4.547434
4.421308
-3.997103
2.525876
-2.497756
2.479944
-2.550997
2.813319
-1.304324
1.778009
-1.823856
2.825151
-0.747014
-1.274595
0.732566
-0.743127
-2.436631
3.759353
-1.851891
-2.074185
1.606953
-1.875667
1.784482
-0.390614
-0.898367
2.069898
-1.632744
2.288719
-1.635570
1.957802
-0.932352
1.714384
-1.855711
1.991219
-1.451414
0.481083
2.185629
-2.326503
1.134909
-0.177334
0.855350
-1.054276
-0.725870
-1.618864
3.580078
-4.565203
4.988052
-6.274178
4.232109
-3.083418
3.452428
-3.055722
0.616309
-0.988021
-2.652428
4.784631
-6.753767
5.052155
-2.699316
3.461586
-4.832027
2.033466
-3.050282
4.962868
-6.100631
5.243942
-4.790279
6.608497
-5.985025
3.938030
-6.424690
5.653404
-6.358597
6.461984
-3.218522
1.104136
-0.766042
1.771402
-2.289244
0.790007
-1.060347
3.658432
-3.126276
2.569463
-1.892875
1.742982
-3.190476
3.190953
-1.651500
0.550737
1.379185
-2.641430
4.606372
-4.656055
5.417327
-6.944879
7.317719
-7.904536
6.781535
-6.978348
7.261285
-6.216651
8.272882
-9.081862
10.692881
-11.554190
13.401903
-14.431158
13.432636
-11.286064
11.821644
-13.475987
12.615175
-11.940740
9.559101
-7.195973
8.919359
-8.062101
7.772934
-8.583094
8.528746
-7.363713
6.717932
-3.699046
3.295227
-1.110352
-1.894885
0.930348
0.371602
-1.431092
-0.529856
2.374309
-2.734411
3.702388
-2.011880
1.257048
-0.989787
-1.020618
0.699219
0.158770
1.423662
-2.300059
2.033255
-2.764441
3.060853
-4.928293
6.068706
-3.478371
2.857523
-3.731757
2.960596
-4.443668
6.216332
-6.153834
4.524363
-2.646703
1.768174
0.629720
0.679761
1.445783
-2.483187
0.007421
0.092932
-0.901105
0.433171
1.586179
-0.916658
0.112994
-2.417697
4.182859
-2.927641
1.592223
-3.452562
3.278094
-0.572526
-2.595386
2.193356
-1.924695
1.598926
-3.586407
3.609835
-3.485737
2.650191
-2.518018
1.673165
-1.186573
1.851515
0.159711
0.745128
-0.529134
1.521598
0.829939
-0.141235
-1.396241
-0.835251
2.764116
-2.989678
1.331282
-2.106349
1.350957
-1.147753
2.671555
-0.948181
0.349259
-2.157616
2.100271
-2.960515
0.202252
0.043374
-0.073901
-1.826251
1.475851
-2.563508
2.410616
-2.332221
3.021582
-1.826751
2.729519
-4.928088
6.667945
-6.278010
5.023089
-6.538434
6.366211
-6.127803
5.646403
-7.063591
6.671455
-6.545787
5.156773
-3.984399
4.907607
-0.893348
2.666658
-2.699405
1.847194
-1.280591
-0.299102
1.329053
-1.778469
1.017902
1.370645
-2.962737
3.790380
-2.378028
1.837941
0.471968
2.588162
-2.545533
3.990864
-3.901659
2.555266
-3.390190
1.328356
-1.472732
2.659233
-3.740664
5.898965
-5.219768
5.496028
-5.012738
4.007965
-2.024774
0.405120
-0.705639
0.980934
-3.142080
1.704800
-0.180828
-2.368451
2.874781
-2.272164
0.729870
0.607484
2.436096
-2.638284
1.816103
-0.392788
1.121146
-1.277869
0.468353
-0.968907
0.451150
-0.141071
0.479217
-1.772424
3.115294
-4.602368
1.640238
-0.093116
-0.284152
1.158500
-0.461745
-0.207897
-2.333428
3.235885
-2.013014
-0.687144
-0.661095
-0.590171
-0.340376
0.607280
0.725993
-0.396071
0.801159
-0.152645
0.039170
1.150197
-0.111191
1.404218
-1.612997
1.215706
0.172849
0.181117
-0.658483
-1.857753
2.637170
-1.779821
3.604112
-2.779985
3.557178
-5.125715
5.631937
-2.977174
2.955519
-2.500890
3.537147
-2.745239
3.299563
-5.303174
4.948210
-3.643574
1.798339
-2.279550
2.418290
-2.644282
1.366087
-0.532711
-0.739460
0.015631
-0.922021
2.906988
-1.805401
0.753835
-1.450597
-0.057038
-0.565924
0.057153
0.315020
0.615029
-1.545588
-0.071454
-0.894362
2.152364
-1.482763
2.099480
-2.130535
1.944822
-1.158808
1.973019
0.128977
-2.401227
-0.391243
-0.847923
1.392321
0.904588
-1.532153
2.065251
-2.248266
2.355818
-0.135862
2.503785
-1.987227
0.508734
1.041345
-1.191504
0.305569
-0.944410
1.136161
-0.314981
-1.294623
4.213340
-4.056908
4.535619
-4.065092
2.749876
-2.764389
1.216552
-3.303194
4.294074
-5.143751
1.818177
-1.347517
2.380535
-3.992719
5.145902
-3.356067
3.382857
-3.032578
2.778032
-1.279418
0.471516
-0.918079
-1.471894
1.982479
-0.020167
0.795976
-0.175250
0.604680
-2.797641
3.302416
0.026735
-0.015103
-0.875838
2.065217
-3.845031
3.212348
-3.874145
3.478442
-2.703619
1.083681
-0.308365
-1.439154
4.738434
-7.259176
4.605700
-5.187944
4.925996
-2.942986
2.881583
-2.517354
1.381575
-0.736987
0.407933
-1.328886
3.262710
-2.588145
2.082969
-2.778125
1.197268
0.548331
-0.883975
3.047764
-3.638520
6.245566
-5.163786
4.303300
-2.690470
2.696132
-0.889346
-0.029808
-0.908685
-0.019943
-0.829299
0.135423
-1.176277
1.110650
-1.393700
1.947291
-1.302906
-0.509171
-1.451276
1.718109
-2.854891
3.143432
-2.586869
2.810278
-6.523484
4.317352
-5.167910
4.879177
-3.010299
3.164116
-0.447305
0.609259
-0.158544
1.509529
0.371131
-0.637235
0.476450
1.577882
-0.922754
2.003515
-2.055552
-1.008545
0.722122
0.623655
0.863814
1.031070
-0.495876
-1.569880
-0.738407
0.167860
0.259036
0.236081
-0.058498
-2.399403
1.844701
-3.117954
1.514274
-1.886026
1.393260
-2.437965
3.006396
-2.516540
3.035947
-4.451682
6.373659
-8.994687
8.113119
-6.157239
5.475096
-4.135549
3.398857
-3.189810
4.550360
-5.230431
5.761071
-3.265330
4.959136
-5.058637
5.568769
-5.483465
5.788782
-5.356760
5.966010
-4.858086
3.617283
-0.403128
1.872852
-2.951124
3.138092
-4.086324
4.266866
-4.811810
3.475080
-1.733676
0.749388
-0.661510
0.936787
-3.622841
4.138994
-3.365681
2.473462
-2.459960
1.155678
-0.670270
-0.502642
-1.937630
2.238397
-1.585807
4.332850
-3.525141
2.197371
-1.406154
0.389959
-1.910407
2.879510
-4.199031
3.844154
-2.255149
0.827132
-3.944245
4.612720
-3.598718
5.583787
-6.342122
8.296910
-6.444727
5.290147
-4.498039
2.648220
-3.357751
4.333432
-4.756814
5.783746
-5.251676
3.038168
-2.100011
1.999691
-2.510082
4.750407
-2.298793
3.196185
-4.524887
2.291135
-3.492379
3.645731
-4.577681
5.807804
-6.193612
4.945876
-4.605455
4.892181
-2.748176
3.421427
-4.485029
6.518156
-7.245843
7.100872
-5.983768
6.151358
-7.172521
6.331173
-5.393737
5.064028
-4.179559
2.202332
-1.559343
1.667493
-1.969248
1.325762
-0.313631
-0.557271
-0.832063
-0.297257
1.398641
-1.601099
0.288449
0.619861
0.793137
-1.450242
1.986033
-2.335500
3.114245
-3.699950
3.912293
-2.644082
3.241663
-4.361285
5.519637
-4.743951
3.031752
-3.323895
1.734201
-2.438112
3.590154
-4.477314
8.871572
-6.191476
5.763835
-6.644775
8.120834
-8.957912
9.230345
-8.345000
8.824743
-8.624750
5.522276
-5.237611
6.445599
-4.597246
6.202031
-6.075824
7.399346
-6.135159
6.468089
-7.527534
4.771479
-8.882414
7.564365
-5.345497
3.193686
-2.418696
1.421115
-0.198183
0.781885
-2.037921
3.053025
-4.163395
1.088565
-1.525648
-0.633021
1.872067
-1.520010
0.994153
-2.219441
2.836396
-3.504921
3.715225
-3.590213
3.264755
-1.820766
3.412974
-2.299867
2.445359
-4.328171
4.610574
-2.998870
4.433376
-3.273223
3.973938
-3.120828
1.104518
-2.603533
1.516897
-1.877135
2.662067
-3.129628
1.392771
-3.107190
3.544484
-2.817422
2.056273
-3.521858
3.544571
-3.620024
3.529810
-3.557082
3.995073
-4.575503
4.225107
-5.733943
6.451449
-6.375237
8.770571
-8.776595
8.876738
-10.985223
11.895695
-11.126348
8.236838
-10.427961
9.540146
-9.678878
7.289099
-7.044374
7.772339
-7.763198
6.752618
-4.543940
4.191001
-0.627155
1.750812
-0.880121
-0.401320
2.104569
-2.537317
5.024493
-4.130619
4.113406
-4.488014
6.138424
-6.780553
7.111188
-5.677390
4.964725
-5.530175
5.535368
-4.851085
2.627291
-2.685863
1.492077
-2.541310
2.570524
-2.585186
0.812713
-0.622412
0.411661
-2.173153
3.519761
-2.031621
1.186390
0.664220
-0.502159
1.629995
1.888726
-1.252880
0.577187
-0.116805
1.456678
-2.450641
1.422221
-1.951645
1.076707
0.493211
0.238114
-0.439790
0.594630
1.286144
-1.857915
3.324805
-1.143249
1.893771
-3.824788
3.347007
-7.552107
7.223263
-7.003045
7.949449
-7.717324
8.361959
-9.032865
10.962185
-10.378646
9.105183
-10.152464
10.343288
-9.453760
9.333235
-8.356467
6.708150
-9.185060
7.314308
-5.631671
5.130161
-3.051343
3.059993
0.499676
-2.927414
1.654515
-1.340890
4.885932
-6.214129
6.756606
-5.745627
5.929256
-6.849168
7.344069
-7.485928
5.957454
-7.693114
7.534399
-6.592740
7.426148
-7.163490
7.526430
-6.851192
3.130131
-2.722884
2.760539
-3.617677
0.147212
-1.400456
-0.671308
0.758007
0.032172
1.058627
-1.302158
0.985226
-1.698712
2.588551
-0.261394
-0.204227
-0.170484
-1.543937
1.766587
-3.022044
2.441333
-1.156864
2.907065
-3.394975
4.785189
-1.903080
3.620745
-3.593306
1.896489
-1.121262
-0.123472
-0.514732
1.883577
-0.938092
-2.250621
1.979440
-2.522325
3.900200
-3.964542
3.081625
-2.609818
2.454319
-3.776196
4.872139
-7.470742
6.982043
-6.196017
5.881845
-5.719895
4.342866
-4.095685
4.299378
-3.023195
3.744629
-1.286777
2.041903
-2.833333
2.192242
-2.215639
3.320797
-0.424652
-1.870490
2.602107
-2.609214
4.476553
-6.664041
4.457260
-3.653486
4.539114
-2.800557
3.610431
-2.254527
-0.161867
-0.694418
-1.651654
-0.046029
3.382890
-2.054410
2.902079
-4.172080
1.485170
0.316739
-0.097528
-2.172264
1.836549
-0.458104
-0.409510
-1.893310
0.815115
-0.678888
-1.021086
0.197398
-0.796320
1.406033
-2.028704
0.872949
-2.974649
1.890303
-3.547120
5.495525
-6.649135
4.752346
-5.504097
7.224933
-7.204505
6.542589
-6.478915
7.901552
-6.655330
5.795070
-4.573669
5.758401
-5.185730
5.300908
-2.230764
2.671734
-3.295352
4.416923
-4.209477
3.690600
-1.942281
4.717741
-5.579515
5.963050
-6.123254
8.341302
-6.363302
4.841175
-4.460359
3.268750
-2.536993
3.492377
-2.608805
1.853474
-3.770660
3.820171
-3.831784
2.296217
-2.501117
1.463974
-1.843763
0.012963
1.305628
-0.648477
0.754178
-1.717334
2.134445
-2.677600
1.140647
1.109762
-1.563444
-1.453470
1.216415
-0.545018
0.331451
1.400104
-1.156802
0.550048
-0.604131
3.537822
-3.471246
3.175901
-3.620326
4.473725
-3.305218
3.228345
-4.659166
5.504568
-2.711626
1.687925
-0.875664
0.585404
-0.296340
0.945462
0.346968
-2.521617
1.823700
-1.072130
0.280646
-2.154113
1.948969
-1.791183
0.831041
-2.512479
1.036514
-0.574528
1.704202
-1.733461
0.632375
1.456321
-2.157921
1.929916
-0.884393
-0.428511
-1.371601
1.358018
-0.224183
0.252494
0.095665
1.331276
-2.593266
1.630926
-0.449242
0.339623
-0.142349
-3.955203
5.744306
-4.895245
2.911437
-5.675484
5.468060
-4.253613
4.026628
-4.285314
5.629148
-4.165751
1.543890
-1.141255
1.148626
-2.168171
3.900362
-2.380551
3.806635
-3.090286
3.871219
-1.504588
-1.646126
1.826227
0.482305
0.791392
-1.273699
1.323146
-0.508539
0.803698
-2.163235
1.641135
1.214724
-1.475046
1.829399
-2.379342
0.890692
-0.685429
-1.644966
1.291915
-1.185053
3.047799
-2.381006
2.001066
-1.353884
0.812051
-0.983143
1.320339
-2.331920
1.431663
2.058316
-3.831253
2.573793
-2.168068
3.185510
-2.515047
3.504498
-0.753802
0.351899
-0.987963
-0.476742
0.120484
0.582404
-1.631442
0.554986
-1.460363
1.621677
-2.122731
2.685587
-2.395247
-0.507142
3.511970
-2.968218
3.882013
-5.656984
4.900102
-4.999437
-1.361073
3.129711
0.182586
0.413553
0.230719
-1.037276
0.702205
0.119028
0.042965
2.371713
-1.721301
2.103945
-1.459266
2.659512
-2.512974
1.466137
-1.924858
3.799893
-6.297838
8.663854
-4.022525
3.913280
-6.718857
7.103349
-8.335369
9.499271
-7.774500
6.385752
-5.962662
3.861269
-3.555405
1.807847
-1.709413
-0.451745
1.601323
-0.218210
0.001769
-0.679785
5.190521
-6.301282
3.784044
-3.332263
2.932994
-2.754945
1.816312
-2.926041
1.447979
-1.116861
0.742762
0.392697
0.682494
-0.986236
0.229395
1.650600
-4.323000
3.782312
-5.843996
5.662517
-6.520821
4.550523
-2.959904
2.226415
-3.846804
4.519878
-3.575973
3.211022
-2.284470
2.690233
-1.598628
1.552568
-2.706850
4.050624
-4.158246
5.637751
-4.863672
6.152981
-3.352222
4.537914
-4.860740
5.136316
-5.811194
4.555581
-2.360085
0.833865
-1.222615
0.873496
-1.417418
0.023112
-0.132055
1.093128
-1.905897
2.344913
-3.279222
3.313787
-1.187804
-0.237857
-0.186503
-0.737176
0.340992
0.902409
-0.816911
2.140324
-1.751039
2.109893
-2.633457
4.011583
-4.803643
5.093779
-6.208163
5.375438
-5.301275
5.171813
-4.450583
4.634985
-6.649440
7.133285
-9.031382
9.376660
-10.013229
10.206829
-10.626288
11.348598
-12.272436
13.170228
-13.967747
14.554564
-13.282146
13.977666
-13.908102
12.232775
-10.895720
8.950963
-8.145712
6.328469
-6.335320
6.781160
-6.341557
7.136371
-7.064892
6.855302
-6.944077
3.817798
-2.588677
2.996950
-1.617768
1.804998
-2.918025
2.783563
-3.770803
4.992701
-5.927639
6.868098
-7.322762
7.686023
-5.831134
5.544024
-3.627187
1.879286
-0.873210
-0.456526
0.602816
0.218821
-0.595946
0.101888
-0.028096
0.300729
-0.159591
-1.224851
1.925434
-1.734440
2.040309
-1.000220
0.705512
2.999381
-5.659990
5.374202
-5.310255
6.134832
-6.677652
7.327504
-5.327197
5.756264
-7.682832
8.083833
-7.563109
6.248117
-3.991725
5.310469
-5.024952
4.525815
-2.912432
2.056655
-3.143428
-2.204811
3.124425
-2.939155
0.931056
-0.650394
1.269816
-1.138122
-1.711991
3.675762
-1.674997
0.550404
-0.952625
1.604860
-2.972075
4.054989
-2.865255
3.513975
-5.015250
5.848547
-3.580617
3.929379
-3.579064
4.923818
-5.075295
4.785421
-7.237857
6.429174
-6.142715
4.557609
-6.390906
7.404850
-8.182372
8.803251
-9.974082
9.169903
-10.817832
9.829280
-9.842843
10.675415
-12.538356
12.747201
-12.788196
11.304797
-10.564449
11.635966
-10.237780
11.393738
-9.758070
10.710721
-10.846448
9.715540
-10.660456
9.802825
-9.560130
10.418014
-8.396290
8.348597
-8.923709
8.142909
-8.212036
8.564788
-8.001455
8.604009
-7.548452
7.249714
-7.050645
6.212786
-6.965070
5.946928
-5.805069
6.949929
-4.619724
3.101679
-2.803601
1.751021
-4.470668
5.096104
-2.644266
1.298168
1.330262
-0.120675
-1.400085
-0.170139
-1.838829
0.859267
-1.065437
2.746913
-2.814276
4.182528
-1.481132
1.875112
-2.032837
4.494569
-5.423080
3.756106
-1.465973
0.802547
-2.712583
4.284244
-5.669766
4.776852
-5.088210
4.414882
-3.747215
4.179220
-2.741179
2.740186
-1.954633
0.221931
-2.505805
2.217295
-1.490808
0.150079
3.554846
-2.052850
2.092170
-4.282744
5.305884
-7.765613
9.137568
-8.283444
7.387196
-6.631892
6.537999
-7.850437
5.539742
-5.971604
6.511382
-6.079882
7.035090
-8.654122
6.801949
-7.397086
4.654510
-5.454360
6.489561
-4.016839
3.099865
0.019371
-0.401738
-2.148312
2.972718
-0.829220
2.458819
-2.925055
2.963329
-4.717071
3.842477
-2.289902
2.045373
-3.458067
2.613291
-1.249268
3.874339
-3.850901
2.047711
-2.435606
2.021980
-5.455518
6.155365
-4.236331
5.102123
-5.845388
5.145412
-2.450349
2.325857
-2.495811
2.613923
-4.194173
3.800475
-2.232535
4.896234
-5.713445
4.707379
-4.561062
3.419141
-3.368489
4.243169
-2.254629
2.418727
-1.237666
1.334209
-1.240598
0.898575
-1.986746
3.882920
-2.380192
1.893062
-1.322512
2.038709
-3.062928
1.274222
-1.324440
-0.081911
-1.610467
3.415197
-1.449835
0.109442
-0.469916
-1.778960
0.638545
-0.634600
1.107457
-2.765239
2.508867
-4.508604
4.767655
-5.109060
5.904663
-6.958347
9.554930
-8.744967
7.878131
-7.115094
12.850451
-13.553880
11.693833
-11.126435
11.798244
-11.410110
9.849448
-9.363990
8.853636
-8.383843
9.191392
-7.708748
7.129370
-4.734866
3.105193
-2.059603
1.511339
-0.060480
2.817110
-3.805986
1.683476
-0.929634
1.209207
-2.729729
2.454620
-2.021885
4.187261
-3.801686
3.305355
-1.469916
0.375327
0.705342
-0.071010
-4.113428
4.799515
-6.141273
4.772115
-4.532899
3.323913
-2.606619
0.793777
-0.980510
0.108254
2.253110
-3.406975
2.911544
-2.634331
1.546911
-0.245330
-0.857621
0.523588
-2.175441
1.625853
0.575800
0.613489
0.392980
1.757540
-3.829315
2.727592
-2.029469
2.226091
-1.873929
2.175349
-3.821186
5.142318
-5.077362
3.670450
-3.841159
2.164236
-0.689636
1.697319
-2.530663
3.066573
-3.602261
-0.032599
0.178265
-0.466568
-0.614377
2.233734
-3.814420
3.048301
-3.706661
4.792788
-5.206031
4.377835
-3.962033
5.649822
-4.661008
5.609093
-7.149696
7.075213
-5.515328
5.628092
-3.432266
4.813996
-5.328233
4.172758
-5.405830
3.767099
-1.778033
3.849860
-3.933280
2.810806
-1.647547
2.456491
-1.889122
0.708543
-1.317811
1.000182
-0.481069
1.806800
-2.680141
1.148008
-2.287277
3.103278
-1.533891
2.210160
-1.257935
2.206562
-4.454958
2.942142
-3.870347
4.441057
-4.190346
3.299161
-2.787450
2.657323
-1.807441
1.838764
-2.189943
2.893601
-0.786122
2.757081
-4.767920
2.879187
-5.524498
5.509658
-3.470111
4.238034
-5.323874
6.141534
-5.361466
6.011056
-7.381412
5.629102
-6.251829
6.187721
-5.941350
7.464042
-7.055902
4.158770
-7.215152
7.046616
-6.043566
8.026580
-5.546163
3.996094
-3.902122
2.651619
0.959154
-1.603311
1.150141
-4.097740
3.814621
0.482606
0.084064
0.830941
-3.733332
1.351871
0.448398
-0.150956
2.743570
-6.152203
6.790380
-3.956331
4.688692
-2.307007
0.932166
-1.109717
-0.267082
1.888396
-2.068525
5.214411
-5.298339
2.996490
-4.895328
3.130886
-1.421536
4.385505
-7.999945
9.132940
-10.059914
10.299512
-11.941748
10.249475
-10.198632
8.080924
-6.080605
6.302031
-5.005422
4.960546
-3.192972
2.380317
-1.124399
4.217450
-3.731078
4.065206
-4.813069
1.453885
-0.103548
-0.087202
-0.553026
2.901860
-0.112472
0.089751
-1.180742
2.390505
-4.090374
4.020869
-5.802773
4.936247
-6.308990
6.225266
-5.962838
2.964847
-3.852677
2.700619
-0.666095
2.513374
-2.345621
2.513718
-2.346999
1.586936
-3.338448
-0.570559
-1.524750
0.159025
-0.286680
0.921846
-1.329154
2.350102
-1.900400
1.535531
-1.560165
1.114639
2.813708
-0.633456
-0.622557
-0.202467
-0.006649
-0.865023
0.772963
-0.043587
0.700248
2.438356
0.974076
-0.361163
-0.087746
0.970948
0.200675
-1.752658
2.463150
-2.331943
2.547962
-2.203022
-2.101596
2.390684
-3.081932
2.348880
-0.139794
0.765981
-0.316367
1.250654
-0.796967
0.423392
-1.279857
1.250553
-1.317738
0.021014
-0.371434
-0.031167
0.903143
-2.087754
0.867124
-0.115448
2.105562
-3.872231
4.712786
-4.158351
2.890281
-2.261212
2.544738
-4.208634
3.350038
-1.932939
0.457082
-0.809056
2.746215
-2.449268
2.206643
-2.475992
0.713107
1.489535
-0.742100
1.750033
-2.009009
1.471130
-0.384482
-0.077365
-0.657214
-0.258685
-0.088395
0.171376
-0.230597
-0.855429
0.635323
-0.517638
-0.229159
-0.691980
1.059716
2.161095
-1.525002
1.549148
-0.452408
-1.325511
0.942919
0.756973
-2.073962
1.809073
0.859123
-0.679338
1.732457
0.453303
0.703617
0.037949
0.330768
1.239790
-3.087697
4.868282
-3.696748
3.629898
-5.356024
2.030497
-3.691508
3.187078
-3.331928
3.282240
-2.831712
4.123890
-7.240108
7.424528
-7.100906
5.258720
-5.729892
5.280041
-6.564240
4.526343
-2.111239
1.917928
-3.304924
-0.333323
1.380753
1.397166
0.721650
1.561437
-2.087178
3.632728
-4.430291
4.768956
-4.247001
3.115253
-4.425050
4.088078
-5.262142
4.756315
-2.440580
3.767658
-5.479544
4.308657
-5.307971
7.197469
-8.251508
5.861646
-5.494316
2.459404
-1.912327
0.771169
1.360046
-2.442843
3.004947
-2.234298
1.821974
-3.126401
4.501149
-6.072274
5.504917
-5.674918
7.864903
-9.051000
10.300938
-10.825879
12.118744
-9.973609
8.055243
-7.245085
6.918337
-6.522447
2.982695
-4.014265
3.084414
-3.040479
2.254184
-2.134044
1.862311
1.914827
-1.178785
1.936871
-2.671701
4.880864
-6.903266
8.626767
-6.923540
7.768870
-8.393579
7.670552
-6.166032
6.037446
-3.554389
5.395145
-5.634196
4.958511
-2.305714
4.763093
-5.157930
2.664400
-1.857113
1.177605
-2.420462
2.475045
-0.835757
1.319892
-1.636425
-0.892454
1.142822
0.509633
-2.570794
0.302597
0.736459
-1.534921
3.546740
-3.492439
0.536488
-1.293524
1.645292
-1.378143
1.258177
-1.078576
1.458541
-2.057053
2.768002
-3.367200
1.859486
-1.294067
3.683169
-3.033941
4.327648
-4.401937
4.055524
-3.847001
3.235030
-4.503212
5.305297
-4.890958
5.875753
-5.558713
2.979148
-2.889875
2.554562
-3.056379
2.312989
-3.935927
4.058136
-3.096897
2.427538
-2.312493
2.647952
-2.157028
2.650991
-3.026521
2.733783
-1.212236
1.584574
-3.331854
2.383851
-3.212008
6.030104
-6.500927
6.592222
-7.987065
7.577986
-6.729920
8.169876
-7.972462
7.682277
-7.596405
7.697609
-7.393085
6.031021
-5.695961
5.665775
-7.226802
7.874978
-6.316996
5.643126
-2.320183
-0.854132
0.246070
0.389552
1.593684
-1.457521
2.432886
-4.794695
3.872722
-5.758338
6.016232
-8.130164
6.047051
-5.600730
5.595193
-6.132298
7.863966
-8.728745
7.318872
-8.355361
6.637980
-5.200403
5.831458
-5.552273
6.614972
-5.401700
3.921711
-3.635631
3.560488
-1.839487
0.157379
1.200067
0.991443
-2.280635
1.434016
-0.443978
1.073051
-0.589330
3.008145
-2.897577
2.359724
-3.423184
3.687090
-5.086549
5.999553
-6.720575
6.384141
-4.503029
7.424752
-6.720497
7.200767
-7.820029
8.051287
-7.251790
8.005279
-11.571839
10.534589
-10.509523
10.596634
-9.170036
8.816070
-8.388459
6.963723
-7.315854
4.429547
-5.088102
7.964390
-9.876513
8.819004
-9.520582
10.242271
-7.611227
9.929232
-9.717289
10.544439
-6.351315
6.140948
-6.355236
4.753560
-4.191569
3.896300
-3.164536
5.733395
-3.553771
5.123011
-4.906755
2.975318
-1.629867
0.856375
-1.231400
0.679192
-2.579229
0.484720
0.674278
-3.239655
1.593408
-0.072038
0.909211
-1.912263
3.362283
-3.991401
4.908531
-7.326217
7.605745
-8.721004
9.821251
-9.876491
8.606525
-8.097878
9.309949
-10.950916
10.712743
-10.236150
6.822133
-5.930450
7.100448
-6.955173
5.419504
-5.262759
3.900779
-4.710821
4.677419
-2.527386
1.758197
-2.810883
0.588354
1.351305
0.389897
-0.779702
-2.178145
2.843292
-1.732841
0.035529
2.544172
-3.389229
2.891786
-4.746804
5.129773
-2.498532
0.881460
3.740419
-2.937492
0.704444
-2.149743
2.407178
-2.098949
0.753200
-1.903213
0.835524
-0.279752
1.155645
-0.545059
0.816685
-0.852465
2.263232
-3.450252
4.362468
-4.382161
1.647552
1.178618
-5.415391
3.551436
-3.702868
4.335279
-4.772065
5.246731
-6.639089
7.562672
-8.065434
8.553745
-7.892690
6.556086
-4.558242
2.715361
-3.533113
4.306464
-5.225472
7.516251
-7.180619
5.810951
-3.563272
2.589329
1.536755
-1.410605
2.294672
-1.577186
0.940542
-0.538478
1.959728
-0.376913
-0.849263
0.171588
0.112069
0.516698
1.046861
-0.374038
1.031779
-2.698888
4.596311
-6.264321
5.490207
-4.768161
1.694600
-2.705973
4.031368
-3.341565
3.057002
-3.878361
4.408062
-7.450439
8.028876
-7.138429
5.384704
-4.276071
3.034613
-2.522401
1.954309
-1.179908
-0.214056
3.512215
-4.169806
4.733740
-2.683550
2.943652
-3.728606
2.490333
-0.004760
0.705111
-2.342327
5.491127
-6.174955
4.620527
-4.330653
6.568629
-3.998885
3.398483
-2.033364
2.373503
-2.540096
0.688301
1.684065
-2.796584
1.960320
-1.295531
2.041517
-0.625676
1.363189
-3.202981
3.963576
-3.985711
4.715847
-3.049817
4.172032
-5.867314
3.502646
-4.328349
3.522270
-3.927567
4.171803
-5.448546
3.528525
-3.381504
2.336109
-2.083003
1.758457
-2.840989
-0.422823
1.450872
-2.815773
3.312336
-3.576857
2.899227
-4.222959
4.333519
-4.307768
5.685065
-7.016687
6.677824
-6.933396
7.312057
-6.297974
7.333435
-6.009705
6.947796
-6.284460
6.339070
-5.582163
5.188093
-5.307161
2.744590
-4.893737
4.952590
-4.635535
4.387310
-5.558041
3.842504
-3.658628
5.213084
-4.548200
5.661058
-5.231173
4.042542
-4.854575
3.181845
-4.440375
3.858517
-5.038033
3.587662
-0.334641
1.092393
1.855201
-0.835609
2.705944
-4.791169
7.431791
-7.691289
9.208754
-10.748186
10.701495
-10.646230
8.824006
-9.154687
8.552425
-7.662531
8.245416
-6.883032
8.663965
-6.616831
5.379505
-4.980165
4.010108
-4.155659
3.193557
-2.780763
3.391453
-2.430219
1.903850
-4.789747
3.757705
-4.511669
4.344199
-2.199610
2.986861
-2.681478
3.400791
-3.399138
3.686083
-5.004054
6.461299
-5.035696
4.915131
-5.331335
6.227983
-6.208708
5.970255
-5.115588
4.296396
-2.307360
4.034156
-4.548264
4.754634
-4.939227
4.697364
-5.120141
3.430200
-2.962814
2.995076
-2.616943
0.254436
-2.205976
0.584302
-1.306883
0.885556
2.200877
-4.207524
3.160535
-2.982030
3.642284
-4.887068
6.187136
-7.522527
7.057167
-4.876140
4.903918
-2.825250
1.808582
-2.160824
3.191256
-3.342060
3.649968
-2.487554
1.694344
-0.944683
0.328064
0.601698
-2.361567
3.031417
-3.176637
3.372556
-3.303758
4.777360
-6.617977
4.407249
-5.478005
2.019243
-2.234687
0.709214
-2.294333
3.835564
-2.877293
4.944509
-1.584579
-1.224085
-3.504303
2.666006
-0.169553
0.389958
-0.343234
-1.486561
0.000313
-0.321198
1.224592
-3.143929
7.581936
-5.936101
5.660440
-3.760548
3.919193
-5.495978
6.372756
-6.460222
3.736750
-3.864274
7.289243
-7.904934
8.725027
-7.780084
9.488754
-8.092326
9.102623
-8.512028
8.775325
-7.527983
5.041759
-4.598648
5.788714
-6.647128
6.568295
-7.159804
4.604914
-6.012828
6.403306
-6.016225
6.189721
-6.666191
4.418496
-7.425414
4.575281
-3.940665
3.940091
-3.759511
3.208705
-1.031071
0.758981
0.507581
-0.705642
-0.389096
-0.650804
2.157067
-2.210050
4.357932
-4.098826
3.238271
-2.732093
6.210140
-4.809002
6.431911
-4.151294
3.841412
-3.378923
2.806597
-2.612013
-0.026545
-1.976440
2.313464
-3.458161
3.270333
-2.413171
3.247740
-3.207655
3.346187
-2.899530
4.366052
-4.925951
4.588675
-4.509945
4.821830
-7.195698
8.924887
-10.828669
11.306503
-8.571505
8.507706
-6.151861
4.369423
-2.385197
1.914985
-2.523561
1.259664
0.382928
-4.691430
4.227430
-2.573483
2.356723
-3.955211
2.459760
-1.545316
2.538243
-6.207021
8.444505
-8.094419
7.091793
-5.543814
6.026226
-7.475030
6.043014
-4.936844
6.465149
-6.210175
3.109775
-0.882478
-0.557081
-1.311397
0.793074
-1.689970
2.512844
-2.477341
1.381605
-0.947848
1.079418
-0.930111
1.266886
-3.102219
2.025772
-0.512366
0.590350
1.657348
0.038271
-0.066308
0.769708
0.066206
1.536380
-1.081358
0.241974
1.433306
-1.981735
1.219314
-0.333264
2.991801
-4.258373
1.926556
-1.924031
2.628980
-2.056296
0.318030
-0.448266
0.898727
-1.693511
2.115039
-1.241926
-0.052678
-0.166672
0.561078
1.381779
-2.944172
2.813601
-4.413543
3.231383
-2.369981
3.668007
-2.058839
2.230562
-2.469918
0.390588
1.731981
-1.466264
-0.090325
-2.531716
2.055105
-3.199426
2.562394
-4.480299
2.618985
-2.071360
2.048180
-2.602949
2.138203
-1.111838
-0.669352
-1.860446
2.669339
-2.683247
4.513499
-5.159610
1.499792
-1.373408
0.026198
-0.814047
0.975280
0.582359
0.003633
1.795607
-1.540717
-0.910388
1.643130
-0.101612
3.111961
-1.246289
0.439336
1.834001
-3.699763
4.004886
-3.421309
5.997371
-1.559822
1.202259
0.722920
1.396579
-1.954756
3.033565
-4.419910
3.403886
-3.227234
6.109159
-6.613749
7.304592
-8.448666
6.539765
-5.026340
3.724848
-1.367855
0.472470
-2.740496
3.928195
-3.284153
3.543327
-4.480463
3.115868
-4.614576
5.280087
-4.933351
5.659740
-5.333873
4.632804
-1.178175
1.080683
-1.246766
1.634027
-2.008854
1.903105
-2.030217
2.427675
-2.149961
0.728097
-3.069961
2.741060
-2.455785
5.231636
-4.362849
4.188667
-3.275443
3.880108
-2.387278
0.411535
-0.646136
-0.996278
-0.177309
-1.559559
1.015495
0.314224
-0.195393
-0.916831
2.351772
-1.447474
3.159816
-2.406908
2.736313
-0.614956
2.145421
-2.716602
2.682811
-2.704630
2.188547
-1.739173
-0.128081
2.273726
-1.188381
2.088813
-1.173841
2.412381
-3.619989
4.045370
-4.685696
3.270114
-3.683770
3.895463
-5.550445
3.398207
-3.086835
3.075760
-1.995713
3.296107
-4.303015
4.430255
-3.699825
2.857950
-4.314989
5.874861
-5.350428
3.535444
-2.894637
2.002459
-1.080142
0.381856
-1.947405
1.133572
-0.420203
-0.600205
0.020740
-2.201385
1.272615
-1.879865
2.590770
-2.752251
3.304036
-4.086437
4.489830
-4.085500
2.218516
-1.009461
1.110826
-1.327006
-0.288632
0.444200
-0.193913
0.227355
0.001335
0.767858
-0.846644
2.283654
-1.333797
-0.534975
0.608830
-0.098969
-2.169453
3.467175
-0.785854
-0.043264
1.676188
-1.829363
1.533908
0.131925
-1.174342
0.906843
-0.603893
1.147237
0.509037
-1.830658
3.093479
-2.558957
1.799715
-0.013496
0.487151
-1.272236
1.869839
-1.767259
-0.604626
-2.519196
2.341177
-1.589129
1.232667
-2.173770
2.191905
-1.785674
3.156738
-2.000220
-1.024930
2.384251
-4.240996
3.082661
-3.877946
2.439040
-2.868839
4.650228
-3.007562
1.048092
-1.224132
4.454719
-5.116062
2.028949
-1.110751
2.765233
-0.662784
1.321717
-2.991499
0.088334
-0.168761
1.093785
0.381732
2.221087
-0.661830
-0.542854
1.267212
-2.171651
1.906363
-1.479843
1.892831
-0.675100
0.522824
0.046570
-1.381037
-1.002420
-0.048708
0.759528
-1.430033
1.342345
1.065848
-2.053735
-0.628961
-0.682116
-1.148717
2.455740
-3.157959
2.929638
-4.423608
5.515025
-3.674364
4.174643
-4.260458
4.363760
-4.088223
5.151414
-6.363939
5.460849
-3.973335
6.281511
-8.711739
7.806222
-4.401602
4.234681
-4.572440
3.869440
-3.322745
4.091262
-3.205912
1.603170
-2.622195
1.344271
-1.458080
2.027385
-2.825103
0.945220
0.226244
0.912835
-1.278982
-1.207859
2.512109
-1.752082
-1.033906
1.423761
0.201921
1.043549
-2.355439
1.253186
-1.043033
2.559607
-1.740203
-0.033415
1.325348
1.095267
1.170842
0.682690
-0.782532
-2.137911
1.890712
-1.438276
1.453057
-3.038128
4.351419
-5.212658
5.399378
-4.907984
4.133431
-3.249464
2.390027
-1.544417
1.115138
0.635815
-1.433450
-0.371252
0.199773
-0.131395
0.697829
0.643481
-0.669332
0.486473
-0.597817
1.871875
-2.075703
1.926216
-2.224990
1.113201
2.707446
-2.295249
1.070351
-0.475309
-0.952957
2.062400
-1.832580
-0.381027
-1.492785
0.601816
-0.366124
2.181001
-3.272251
4.656712
-6.175107
5.380949
-6.247713
6.433787
-6.573160
6.842806
-9.225463
8.115299
-7.922254
6.757287
-4.310613
2.146010
-2.034911
4.351687
-3.089562
3.686724
-4.755854
4.165881
-1.923756
0.800941
1.848452
-0.707970
-0.737305
2.181654
-3.070388
4.649080
-3.671123
4.113443
-4.821947
4.582480
-6.642866
7.307537
-7.068561
7.124962
-9.419003
9.008925
-9.357802
9.512458
-9.269600
9.004547
-11.554859
11.143070
-7.704890
7.809852
-5.816699
5.026645
-7.507256
7.897834
-7.401818
6.459608
-4.673034
6.556421
-6.407381
4.785814
-1.581744
2.149841
-0.732610
-0.891423
-0.437875
3.838449
-2.084284
1.360170
-2.266889
1.729868
-2.857303
2.889018
-3.236488
2.124357
-2.062716
1.826395
-3.410796
1.589410
-3.635312
3.780950
-4.913383
4.827450
-6.263832
6.410815
-8.640657
5.893964
-5.434943
6.494184
-6.279803
7.746367
-7.162770
7.800344
-5.897902
6.288728
-4.724603
5.899643
-4.678320
4.340222
-4.125449
4.831501
-6.839335
6.139318
-4.639885
4.845858
-0.541692
1.008626
-0.918202
-1.167531
1.280979
-3.494169
2.970437
-5.993245
6.120134
-5.276976
6.864619
-8.857775
7.117267
-6.903586
7.059965
-7.546141
8.941209
-9.891338
11.017631
-10.809032
9.380500
-9.279727
7.961861
-6.689497
4.695380
-6.005224
5.797575
-4.506375
3.926050
-4.300904
1.250273
1.046770
-1.228126
1.405730
-0.006474
-0.102042
2.272954
1.535959
-3.954023
3.405809
-4.747293
4.840376
-3.801059
2.259471
-0.797660
0.356002
-0.362829
1.248554
-1.550718
0.970076
0.932304
-2.496126
3.912362
-5.942281
4.756889
-4.459865
3.978158
-3.591416
4.698925
-3.383685
4.742390
-3.067505
3.752066
-1.341551
1.030902
3.875756
-4.131296
3.218875
-2.941787
3.949860
-5.392930
4.542778
-4.036790
3.858531
-3.819156
3.921133
-4.376342
1.031242
-1.277210
-0.449373
0.346756
-2.367674
1.929399
-1.886570
1.381677
-3.995080
3.389055
-3.100562
4.844928
-5.852428
5.875259
-4.324820
3.108509
1.342595
-1.019021
-0.661115
-0.733599
-0.548199
0.058844
0.897837
-1.357882
0.857430
-1.433659
1.295499
-0.490874
0.064765
0.703004
0.314607
-0.937817
0.655540
-0.880548
2.567269
-2.960580
-0.430451
0.609289
0.483832
1.413141
-0.201444
2.514818
-2.920050
2.689068
-1.537429
2.643538
-3.730501
2.624147
-2.661756
0.851182
-0.721377
1.015754
-0.904783
0.515771
-2.031070
2.701789
-2.271067
1.054972
-0.532146
-1.695029
2.330982
-5.042447
4.745310
-3.839479
4.652532
-5.231369
2.730674
-1.697408
1.888820
0.890986
-2.138201
0.431665
0.806505
-0.100614
-1.076059
0.667860
-0.440507
1.415141
-1.064261
1.151019
-1.300669
1.362547
0.274543
1.619166
-2.337382
1.361187
3.295523
-4.954659
3.560544
-2.986226
5.287563
-3.271760
3.712001
-4.705145
3.700208
-2.942782
3.609758
-1.548116
0.007584
-1.072458
0.950335
0.469466
-2.097637
0.599466
-1.406474
0.687869
-3.581705
5.233413
-6.092759
6.789745
-8.398492
7.411889
-9.559837
13.168427
-10.456553
9.605966
-10.376583
7.058362
-4.755952
4.801804
-5.152474
4.790184
-3.579401
1.818242
-1.403482
1.671164
-1.201325
1.013084
0.277326
-3.801378
3.830130
-4.020367
5.058983
-6.433413
6.106255
-4.294724
3.492155
-1.178947
2.092933
-0.986522
1.728740
-0.914631
-0.086038
0.462815
0.175425
0.602186
1.602232
-2.462586
2.287399
-0.551648
0.273788
-0.070593
-1.626910
0.783743
-1.162716
1.309509
-0.577862
0.088194
-1.386646
-0.280233
1.020910
-0.842126
0.850004
2.487311
-3.960814
3.449440
-3.817273
3.819356
-2.106529
3.489092
-3.206674
1.653865
-0.563234
0.865453
0.803557
-2.125335
2.451735
-2.927108
4.428889
-2.312608
1.852372
-0.151100
0.073495
-2.991359
4.778815
-5.390738
6.192602
-5.716637
4.129010
-8.038702
8.417575
-5.401125
5.740938
-5.746464
4.457997
-4.895526
4.000316
-1.844952
-1.746403
1.293586
-1.033755
-2.510540
3.534389
-1.619891
1.660088
1.282293
-3.159896
5.349360
-5.385029
8.575354
-9.646534
7.384507
-7.505101
6.114445
-7.662634
9.151632
-11.087963
10.880457
-9.567614
10.169613
-9.744122
9.596200
-9.330404
8.528762
-11.117917
9.192677
-9.194308
7.400422
-6.502717
6.427875
-4.369923
5.740774
-6.934597
10.542922
-8.694777
7.688527
-4.671066
1.747900
-0.626977
-0.735237
-0.000527
2.301244
-3.491028
3.251630
-1.324548
1.745543
-2.376463
2.214900
-2.429917
3.263413
-3.189739
2.171798
-0.079243
-1.927763
2.293813
-2.552962
1.022839
0.193384
-0.434029
0.312284
0.226503
-2.832046
4.487211
-3.845337
2.366964
-1.552069
3.244081
-3.621951
3.907818
-5.497983
3.901994
-2.320738
0.994371
-1.632079
-0.078317
1.469527
-1.694365
0.934321
-2.139711
4.317799
-4.384644
5.457896
-5.483937
3.750821
-2.874160
3.795349
-6.127496
5.978090
-6.307596
5.075444
-4.979686
3.148254
-2.761215
3.550024
-1.553368
-0.462169
2.209832
-3.647609
4.575422
-4.176321
3.323475
-1.945160
1.109238
0.008330
0.433889
-1.641704
1.888415
-0.291211
0.462999
2.115548
-2.625892
3.360531
-3.414433
1.793325
-2.895118
3.345270
-2.312296
4.630359
-4.295817
1.609864
-0.308502
-2.346786
1.989678
-2.216540
2.474395
-3.626576
4.713130
-7.134257
7.795527
-10.157613
10.905231
-8.915492
7.960161
-6.779889
5.923762
-5.150850
4.474518
-5.013956
3.857064
-1.826112
0.100815
2.165709
-1.562312
2.222324
-0.223640
0.447947
0.369630
2.526129
-4.161551
7.082567
-6.848707
4.010948
-3.649679
4.024095
-2.019114
1.067372
-2.626171
3.483958
-2.038556
1.729471
-2.686031
1.971992
-0.921037
-1.116461
-1.807787
3.051855
-2.788197
0.678253
0.278264
-2.225024
1.174726
-0.653918
0.857669
-3.183478
1.954646
-2.841488
4.012475
-4.772738
4.264133
-6.276962
8.876778
-9.658155
9.323626
-8.964563
10.286862
-12.588063
12.281957
-12.288144
10.621705
-9.676043
9.686764
-10.477054
11.306005
-8.243296
8.752549
-6.984783
7.650083
-8.030481
7.197763
-4.514396
3.556473
-2.993763
0.896077
-0.838885
0.789172
1.813556
-1.353567
1.153214
2.050914
-2.473158
3.645449
-2.337805
2.487468
-3.118401
3.733152
-4.849028
5.070020
-3.253735
2.778598
-2.604681
3.589978
-1.882846
2.635674
-2.945743
2.286281
-4.076834
2.875161
-0.584142
-0.377868
-1.058190
0.158288
-1.594426
2.427365
-3.376784
2.248055
0.911625
-1.064150
-0.769625
1.502583
-2.915764
1.819659
-3.193030
5.151909
-3.279368
2.470647
-1.182861
0.487255
-0.623256
0.878732
0.631629
-0.965912
1.445551
-1.357678
0.546456
-1.526232
-0.064658
-2.299919
2.890550
-3.056010
3.235904
-2.186993
1.774968
-5.141582
4.098860
-3.287202
3.680551
-4.157454
2.308669
-4.415303
4.358255
-4.457750
4.446511
-5.454385
4.670203
-3.965403
2.890590
-1.734705
1.749927
-2.654250
2.389051
-4.272970
3.797669
-1.886901
1.339794
-3.001858
2.866534
-3.826859
3.878854
-3.182195
2.700663
-2.815405
2.263965
-1.643868
5.000717
-5.915101
6.329958
-5.658128
4.698495
-4.791873
4.716773
-2.802718
2.040673
-2.163360
0.735706
0.914279
-2.367555
2.836260
-0.339491
-0.493235
1.215091
-1.398827
1.350809
-3.115978
1.099728
-0.161832
-0.830417
-0.247036
1.485775
0.084671
0.665831
-2.239742
4.089022
-5.656717
8.444353
-9.221032
9.022734
-7.396123
6.028081
-4.618291
4.681726
-3.269132
5.136080
-3.923113
5.836767
-5.657873
7.539771
-5.925650
4.931574
-5.523092
5.405439
-6.329413
7.183154
-6.881340
7.040026
-6.855654
6.590834
-6.740356
6.711621
-6.884164
7.262785
-7.532784
6.199885
-7.194489
5.003324
-3.254790
2.015688
-2.404742
4.238837
-3.585487
3.142592
-1.367689
-0.088935
-0.170608
-0.535413
1.986584
-1.398709
3.275525
-3.869266
5.683374
-7.297209
6.980702
-7.636482
7.045400
-7.244754
6.579511
-8.046765
8.489400
-8.321274
8.217459
-9.662340
10.210586
-9.282076
11.064354
-11.549290
10.709021
-10.878033
9.251874
-9.694613
8.486601
-7.403234
7.543127
-6.150404
9.273870
-7.224678
4.242814
-2.826540
2.193226
-3.931607
3.561007
-1.494721
-1.074764
0.983420
-2.170157
2.559841
-3.010992
1.553108
-1.303820
2.734334
-3.537725
2.022648
-3.280162
2.795042
-4.116895
2.970800
-1.192595
2.219730
-3.672021
4.204001
-4.882942
4.091336
-2.223281
1.534670
-2.221102
3.130667
-1.376023
5.357624
-5.541226
3.686861
-3.942751
5.222382
-3.658542
4.204909
-4.562819
3.968360
-3.532960
3.818215
-2.020285
1.311747
1.575366
-0.482048
-0.546319
2.147818
-0.119333
-0.066218
0.490823
-0.963688
1.212714
-0.692911
1.036182
-1.627903
1.915903
-2.595990
3.196441
-3.795498
3.624982
-5.570774
6.345552
-5.390520
3.447422
-6.614820
9.229187
-11.167356
12.073467
-12.994170
12.863226
-14.543960
12.363184
-11.791877
10.267126
-9.776844
8.176772
-8.892219
6.133280
-4.606080
3.727975
-2.135270
2.555350
-2.901504
1.010055
2.800480
-2.999195
3.271959
-4.463512
4.050260
-4.193893
4.479048
-2.982786
2.586672
-0.030061
0.694139
0.586254
1.544428
1.422361
-0.218183
1.085145
-0.494623
-1.044469
1.504691
0.519692
0.031554
-1.715775
1.220095
0.355850
1.130672
-3.767820
3.866628
-4.515251
5.275549
-4.779414
4.464396
-4.826747
3.445384
-5.309095
4.170047
-4.476418
3.036772
-4.451957
5.823308
-6.167105
4.061622
-3.467762
2.283270
-3.593958
3.795781
-2.545117
1.638462
-1.656261
1.464613
-0.224229
-0.588697
0.755567
1.430243
0.269762
-1.052798
1.734951
-1.572906
2.091590
-5.389944
5.387872
-2.159288
-1.721488
3.310320
-2.952390
0.971588
-1.475762
3.391602
-1.017210
0.140638
-2.366796
2.098274
-2.505541
-0.329781
0.562969
0.032096
-1.155288
1.384592
-1.083042
2.322499
-0.113080
-2.914695
6.500692
-7.332494
6.178400
-5.784783
5.333273
-6.235900
4.672029
-3.293579
3.534671
-3.758922
3.962820
-1.389033
0.465232
0.509831
0.680225
-0.876192
2.218743
-2.741802
0.131535
-0.036004
1.254356
-1.588830
1.189080
-0.560341
2.672468
-2.181998
0.780688
-0.949877
0.646599
1.163665
-1.677561
1.375616
-1.937808
0.524403
-2.354748
2.555477
-3.297282
4.072139
-5.106144
5.811345
-6.199394
6.674599
-4.954225
4.885876
-6.179174
4.189952
-3.227711
2.281826
-0.634959
-2.420548
2.194278
-4.000858
6.626312
-5.231985
5.134830
-6.567387
6.199810
-5.368464
6.111146
-6.173980
5.252872
-4.800117
4.052450
-3.203369
3.802454
-4.632246
4.933085
-2.864502
0.333494
1.883042
-0.685631
1.281925
-4.785539
3.520881
-1.707950
1.902894
-1.174437
3.564143
-1.722496
0.752226
-0.926430
0.000782
-0.345361
-1.700310
2.471603
-0.973632
2.952187
-3.562682
3.210524
-2.469215
2.227172
-2.528381
3.209313
-2.705112
3.136496
-0.681627
0.994516
-5.960387
3.922104
-2.994438
2.384001
-2.183742
2.819638
0.158320
-4.123098
4.891364
-8.740034
6.699584
-4.430967
2.689418
-3.186511
4.020582
-3.132494
1.414180
-2.532596
1.462163
-3.188659
5.872433
-4.926440
5.387919
-5.999132
6.804635
-7.524606
7.461305
-3.841510
2.114879
0.298551
1.092779
-0.964018
2.143874
-1.020967
1.096893
-1.495796
1.735428
-1.980175
2.361744
-0.448875
0.305678
-0.547038
-1.357276
1.255784
-1.245075
0.672078
-2.897408
2.311072
-1.598305
1.648103
-1.331907
0.908272
-2.502963
1.519134
-1.558808
2.723291
-3.429727
3.357888
-3.635272
2.598594
-2.802468
2.641954
-0.437857
1.084666
-1.376014
2.531687
-0.309230
-0.839474
1.585548
-1.155496
1.322836
-3.114766
4.608197
-5.092986
4.391172
-5.917476
5.439534
-5.322802
4.046135
-4.884854
5.399136
-6.141911
4.081748
-1.962034
2.977035
-3.471337
1.646672
-2.897117
2.922069
-2.438826
1.614083
-1.664205
1.373101
-0.157924
-1.137012
0.329526
0.977525
0.874730
-2.443251
3.752773
-3.987206
3.694881
-2.529585
-0.188080
0.741552
1.277962
-1.578083
1.348190
-2.828050
1.183320
0.826704
0.161646
0.156800
-0.106415
0.162402
0.383374
-0.663225
-0.712251
3.977707
-3.701603
4.495433
-3.480820
2.567359
-0.379968
1.091283
-1.987887
1.557177
0.627620
0.404446
-1.365166
-0.690352
0.276320
-0.172731
-1.252330
3.323384
-2.241716
4.900316
-4.430993
5.124188
-5.601107
4.704592
-2.848036
3.020307
-3.594189
0.682172
-0.528271
0.245077
0.518023
0.437336
3.219556
-4.381413
3.685122
-2.902433
4.280812
-6.836296
6.047925
-7.111603
5.812176
-8.772272
9.167802
-8.923171
7.280758
-6.668903
7.359681
-3.154385
0.830678
0.751065
-1.671388
0.348798
-3.869793
4.531027
-4.293418
3.874098
-3.140137
4.692558
-3.399460
2.809927
-3.585496
5.181478
-6.880639
5.480310
-4.072184
6.715225
-7.999063
5.627319
-2.708693
1.339353
-2.165340
3.455901
-1.539887
0.457733
0.856076
-2.084817
-0.804709
1.684163
-3.953225
3.705983
-2.373163
-0.155944
0.424317
-0.332852
-0.439346
-3.960676
4.533613
-3.765737
3.034474
-2.643641
3.561418
-4.656071
3.553915
-2.817468
1.535590
0.560978
0.186014
-2.249008
4.526539
-4.627662
5.181366
-2.837483
4.798751
-5.635021
5.351161
-4.410985
6.285791
-7.073769
5.326675
-5.657251
6.287720
-5.245262
7.316845
-5.897030
6.588943
-9.032326
8.984541
-7.315213
6.747489
-6.545305
6.291999
-7.707355
5.813823
-4.899093
4.863767
-4.345377
3.728801
-4.752933
5.756517
-5.794483
5.048099
-6.422248
2.795177
-3.210306
2.505590
-2.459172
3.427235
-3.685140
3.213071
-2.645249
1.366084
-0.890594
2.472272
-2.952761
1.510822
-1.081082
0.485031
0.295501
0.169423
0.832201
-1.538422
2.043974
-2.644663
1.048464
0.075293
0.921710
-1.853704
1.826665
-1.519691
2.460259
-1.348116
2.302720
-3.372534
4.482881
-3.569935
1.500728
-4.199646
3.108939
-4.093502
3.496271
-2.896123
1.195305
1.873851
0.482936
-1.998910
2.794384
-1.362249
1.086201
-0.197245
-0.497311
1.073306
-1.644952
1.527920
-0.686974
2.008328
-0.296022
2.072119
-2.130871
0.703645
0.211888
-0.582648
0.699947
-0.584799
-1.889847
4.127398
-4.834726
4.310726
-3.133109
2.769879
-2.889901
2.541127
-0.138533
0.435277
-2.466415
0.561121
-0.790755
-1.104227
2.832530
-1.097654
-0.358499
0.282216
2.312462
-2.842819
3.227514
-5.774930
5.379345
-4.755078
4.577808
-3.491197
2.798491
-4.207228
2.000906
-2.029197
2.767357
-0.710100
1.098266
1.049507
-2.016219
0.301663
1.314237
-0.770806
-0.718955
-0.614801
-0.287102
0.951911
-2.674765
2.895150
-3.971676
0.662186
0.464569
0.572548
-0.667401
0.550613
-0.419249
-0.403110
0.574563
1.286274
0.033881
0.679481
-1.312006
3.467085
-3.450253
4.603002
-3.418911
5.175694
-5.081476
3.320092
-1.367488
1.667876
-2.137662
2.436759
-2.951873
3.392545
-4.044574
3.554961
-4.014043
0.213182
-1.325370
3.483734
-1.840955
-0.806517
1.874253
-1.039966
1.967369
-3.190008
3.917574
-3.762375
5.512937
-3.976334
4.642011
-4.519860
3.202382
-5.463927
7.692901
-8.866760
8.500114
-8.453726
7.329035
-9.889179
9.007554
-9.272829
9.111398
-9.745905
7.649371
-6.849995
7.904899
-6.164843
3.142240
-4.415071
2.821557
-3.070750
4.818063
-3.746638
2.895303
-2.762104
3.934058
-2.245318
3.018620
-2.364439
0.597270
-1.028980
2.421393
-4.158762
6.404627
-6.408398
5.952293
-6.669361
5.343600
-3.731896
4.808998
-3.727006
3.893187
-3.476073
2.466409
0.001806
-1.022503
2.383485
-2.899672
2.479743
0.000499
1.949899
-4.360714
7.321365
-7.222034
6.136666
-6.351707
7.497955
-5.851513
5.063334
-6.301939
4.370385
-3.331755
4.434620
-3.369732
2.632905
-2.558969
-0.421178
2.386813
-1.688671
0.518933
-1.030005
1.758174
-3.403614
3.018552
-3.095706
2.118064
-4.005193
4.550751
-4.112729
4.830472
-3.011817
3.629139
-4.933235
4.798375
-5.750600
6.338602
-4.451598
2.498230
-0.463168
0.344518
-0.020626
1.652218
-1.852019
-0.144306
0.210788
0.881324
0.071486
-1.643104
1.015557
0.304204
-1.889458
0.278470
-0.080546
-2.488010
1.747604
-2.394028
1.977488
-2.367537
-0.026447
-1.582958
1.288648
-2.551568
3.694792
-0.343065
1.637492
-0.334893
-0.337847
0.988392
-1.344163
-0.202555
0.663064
-2.095361
2.497788
-1.301899
3.298025
-4.150421
5.714975
-5.763046
6.665665
-7.351167
7.422619
-6.905896
7.504054
-8.885634
8.867727
-8.743546
9.779884
-8.217326
8.206911
-7.227950
8.034059
-8.813567
8.768397
-8.251811
8.748887
-6.146858
4.667863
-4.046131
3.024225
0.188439
-1.420900
0.749747
-2.222655
2.243830
-3.124685
2.346796
-2.580210
-0.218453
0.660613
0.596878
-2.733773
4.927730
-5.043587
4.811213
-6.872503
6.442917
-5.440511
4.750968
-4.315945
3.709851
-1.931042
1.656184
-1.669405
1.867194
-3.262316
1.982396
-2.053295
4.461959
-4.320463
3.405512
-1.981993
3.846025
-3.274740
4.580997
-3.401409
2.886003
-6.887635
7.680653
-5.494264
3.938560
-5.390714
6.630392
-4.943652
4.777915
-2.933232
2.948173
-2.914274
1.574963
1.246610
-1.885353
1.682995
-3.433675
0.933553
-1.917322
2.104444
-3.238375
7.972491
-6.933632
4.122727
-4.759023
5.769288
-5.689361
4.924170
-4.847557
5.489669
-4.436637
3.891120
-4.875865
2.217037
-3.257084
5.248156
-4.055195
6.772124
-8.089598
6.489719
-7.087362
5.702878
-7.831282
9.858997
-9.205587
9.649139
-10.129917
9.430084
-8.658129
7.992301
-8.149604
8.243778
-6.805644
7.782932
-5.271128
4.091140
-3.739491
3.509297
-1.393704
2.530036
-0.567739
0.765278
0.857800
-1.848393
3.335229
-2.732449
1.268947
-0.637241
0.440196
-1.394956
2.174494
-3.032610
1.719513
-3.758224
2.820044
-3.799944
3.068137
-1.743601
0.504985
-0.404095
-0.490399
-0.487731
1.665980
-3.201109
2.852334
-2.641341
4.243306
-4.923313
3.256946
-1.772662
0.129334
1.987043
0.308501
2.671403
-3.851452
5.606295
-5.526771
