4.982602
-0.984180
-1.740146
-6.003512
1.278147
1.374950
4.246012
-2.910700
2.324326
-0.060205
0.229549
1.170688
3.930564
1.771879
1.574601
4.752394
-3.714580
2.610379
6.003376
2.965410
-0.231369
4.474053
1.640236
3.361010
0.240966
1.814170
5.455987
-3.436892
1.498618
2.190654
-0.027223
-2.910790
2.743845
2.304272
1.411612
-4.749227
0.672865
-4.664959
-0.403693
1.931031
5.842010
-2.860523
2.566518
3.130014
4.168758
-0.324906
7.010363
1.311681
2.151267
-1.035974
3.032097
10.751847
-1.761722
0.741469
-0.827148
1.297702
1.770559
-3.021144
1.325367
-1.642965
6.698257
0.597080
-1.879741
3.537343
2.235301
1.500957
-5.524797
5.646812
3.349266
5.700161
5.504248
6.090852
4.105627
-1.928327
1.655015
2.061907
-3.338834
-1.418679
0.398510
1.828592
-1.384242
1.744179
3.360510
-0.221892
3.777250
3.097345
0.062921
-0.818668
7.039129
4.602553
-4.896488
0.602814
-1.191553
3.982258
1.492222
6.602834
-3.523386
2.060869
6.799013
4.743880
7.292058
2.222624
-5.580447
1.447434
0.665704
-1.509827
-4.050500
-2.921538
1.852243
4.459267
1.437354
8.744585
0.084059
-4.045391
3.688650
5.524564
1.818334
-0.260224
3.318212
4.300712
0.249200
0.028281
1.402213
1.284128
9.194530
3.147637
1.455973
8.184603
4.541833
1.693877
0.325669
-0.378493
3.869816
-0.714585
1.632355
4.866960
2.240138
-0.407195
-3.385103
2.453591
-2.983142
-2.310853
-1.255314
-1.088315
-0.865150
-0.021703
5.987628
2.774419
6.087508
-0.197676
-2.603280
0.181576
-0.977958
0.595472
-6.646981
-4.790223
3.468155
-0.667778
5.820074
0.288703
-4.555617
2.088018
-0.073559
-1.586283
3.597485
3.886803
2.942761
4.880453
-1.842181
1.905482
1.359141
-2.621401
-4.201261
6.926217
-0.579603
0.819562
-1.094198
0.297243
-1.067422
2.297689
3.952034
2.926610
1.445722
1.571228
0.864454
1.558228
1.657568
0.055755
-0.437547
2.561250
1.787270
2.202051
-1.591466
-0.472842
8.335434
2.793317
1.209727
2.168202
-2.689377
-0.190526
3.574305
3.769021
1.443719
-1.972235
3.908578
-1.834950
3.861569
1.672053
0.270843
-1.964491
5.256871
2.008386
-2.057383
-4.208353
0.598850
-6.854824
2.002534
9.150512
-1.024748
1.519149
0.980599
3.876196
-2.211371
2.672879
-2.390651
-6.763937
1.159050
-5.688776
-3.419323
-2.158478
-0.383377
0.190363
-0.666708
8.930533
0.625333
3.609819
5.311093
3.024765
-0.918118
2.396929
-2.250818
-4.036005
-1.260713
0.285748
0.623728
3.528298
1.054118
-1.192242
-2.799899
-0.965122
8.417052
-0.783684
5.374756
0.809436
3.839624
0.019642
2.113045
5.907347
0.081064
-0.294403
-0.765282
5.148107
1.665448
3.544487
-5.796165
-1.177577
0.084230
-4.601799
4.627063
5.793835
-1.649721
4.320426
1.777121
2.506946
-4.903743
5.188896
-2.977571
-1.126384
-2.086984
3.461135
-0.074186
-4.258545
-1.935858
0.586210
-0.462139
2.148023
5.098884
8.487913
5.157396
-0.725529
0.270388
-3.304744
1.276767
3.688332
1.600050
2.582967
4.930919
-4.973020
-0.401576
0.693326
0.290229
-2.902710
-4.332886
-0.079446
0.581890
-0.581206
2.195713
5.754567
5.918418
-5.174794
0.019439
0.163607
-0.775021
-2.676365
9.299284
3.398120
-2.323033
-1.702570
1.064369
8.117702
-0.313071
6.941411
3.014956
1.219499
5.045953
0.944460
3.087606
3.015489
-2.105637
0.664541
-1.593504
-0.093467
-3.018556
-0.034019
3.432219
-3.053170
-1.189281
-2.453338
4.959348
-0.204910
-2.147480
1.164527
-2.913185
3.923210
-1.205076
-1.517524
-2.256539
-0.815557
-1.371174
1.365810
5.136249
1.945409
-2.978151
3.209781
0.217544
1.085443
1.500368
5.416731
-2.770737
2.202730
3.853702
5.350124
4.010972
5.243574
-0.635395
-4.204050
-1.690788
-3.087843
-3.743919
0.459547
2.067484
2.928150
4.639189
1.992967
3.163762
-1.303030
-1.344088
-0.571611
4.350458
3.510002
1.814845
-1.582586
5.555828
0.857975
2.583132
2.107189
3.188423
5.918723
-3.677643
-0.404957
-3.444827
2.888721
4.327769
1.253418
2.828924
5.137609
2.693494
2.002660
3.164150
1.772746
4.530249
-5.990432
3.568019
-2.291042
0.685122
-3.509475
2.852408
5.040124
-2.974624
4.312455
1.004140
7.281227
0.451679
2.110504
-3.476173
-0.098540
-6.233419
1.628948
-4.347082
-2.963737
2.784943
-1.873964
-3.986799
-1.761078
-0.464318
2.761592
2.278351
-2.667988
1.673683
3.624821
-2.000349
3.549501
-2.414323
2.055687
-1.892650
3.534429
-0.327814
3.804679
-2.019855
2.177301
0.761117
-1.330281
-0.342576
2.742471
5.847700
4.193789
-1.719252
-0.027191
0.651939
-0.094569
-0.052926
1.024389
5.100601
2.322861
-3.861481
5.696223
1.320355
1.955494
-0.737789
2.325413
-2.511706
-2.385966
-7.335903
-0.520982
1.030511
1.376387
-4.639670
1.230721
1.231625
3.076726
2.344125
1.646628
-2.884938
1.841985
0.624293
-3.425664
2.195583
-3.481670
2.571913
6.681931
7.901739
-4.391542
7.613493
3.217027
-2.146720
0.396956
-2.693170
-2.982050
-2.149901
-2.386676
0.747509
1.447060
-4.019741
4.447179
1.222167
1.187205
1.302581
0.966967
-0.281222
3.293760
1.277427
-1.441822
3.361126
-0.345050
0.797982
2.207250
3.985025
-0.726471
-4.207632
0.487718
-0.849006
-2.850912
4.141471
0.146273
5.559226
-0.716962
8.891898
1.736533
3.435722
-0.334908
3.150088
-1.870700
1.510667
0.924772
2.885959
1.855521
2.879032
-1.158516
-1.481896
-1.548191
0.411189
7.734927
-0.135728
-0.451893
-1.527364
-0.291007
0.425509
1.718400
1.575625
-1.284492
2.917742
-3.074597
3.487566
2.000854
3.648015
3.067413
1.337812
5.149101
6.063902
-0.780347
3.465721
0.957287
-0.094357
2.598890
0.724926
0.735326
2.529276
-5.503916
0.500106
0.797452
2.462628
1.946391
-0.217319
-2.338694
2.480995
-1.641342
-1.445750
3.030253
-0.335509
2.706295
-0.548681
2.199564
1.684558
-2.131309
1.269855
-0.809353
7.458775
-0.671347
3.024332
0.054599
1.560495
-0.340523
-1.992461
-3.904195
0.805370
-0.975272
4.992759
2.087819
-1.094377
-1.056897
4.405105
0.355349
7.237121
2.769723
2.762019
-1.353151
3.925110
-2.178930
0.512201
3.261442
0.920893
1.498034
0.079485
5.862916
-0.399396
2.886323
-1.405747
1.952176
2.077785
1.358234
-0.635147
0.158271
-2.910410
-1.186451
-0.889600
2.442302
-0.648638
4.064549
4.283796
-3.673666
2.031526
1.802800
-2.053607
2.303215
3.164714
1.319282
3.943161
-1.292043
4.497535
3.307108
-0.111528
3.367980
-1.440638
1.288847
-0.826543
6.984918
-1.348851
8.165547
-2.652966
-0.296428
5.926394
1.956929
0.454774
-1.271909
-4.198272
-0.354155
-8.399749
0.982172
-5.599739
3.563312
-0.438238
4.242255
-7.449360
-1.634735
-3.086694
-0.008592
7.218300
3.216799
4.426442
1.512989
4.792879
0.865291
-3.378934
-0.382041
7.986493
1.462620
1.598453
1.974139
-0.362906
3.139830
3.791888
7.541075
0.041477
0.062530
3.254425
3.111231
-1.507342
-0.539125
1.924738
-3.098532
3.772828
2.158394
1.808321
-5.382494
9.972670
-0.659503
1.831944
1.000145
0.007050
-1.971356
-0.549995
-1.615507
-4.873202
0.264297
-0.180651
-3.308273
-0.524969
-2.167168
-5.333189
3.340876
3.585470
-0.798371
-0.540424
-1.537212
1.149299
3.044870
0.880686
4.545872
4.510838
-1.979266
3.370247
1.333738
2.600904
1.545168
0.210733
3.878318
0.188632
0.959043
5.776937
-1.324335
-0.135083
2.812121
-1.941611
2.643332
3.186003
-2.485623
1.451509
7.060727
3.514844
-0.640276
-2.667203
4.452944
-2.522881
-0.965937
-1.414352
4.642798
0.414386
-1.102885
-2.153182
3.119326
7.719258
3.577240
6.678798
5.253800
1.854196
2.944497
-1.259046
2.677898
-1.611182
3.356110
-0.313393
4.776182
5.247073
-3.319582
0.222598
4.200304
3.492799
0.194074
4.224182
2.179504
1.980249
-0.179753
3.943969
0.621536
0.880497
4.677471
3.768705
3.057386
-0.526124
0.353917
5.654332
1.549208
3.778893
1.187381
0.667651
4.432136
1.122284
-0.029528
4.570343
-3.185535
1.175013
-0.086314
4.116434
-1.002804
0.909935
1.393013
1.508327
-3.333901
2.291013
-0.436393
4.534769
-2.384510
-1.201684
-3.887605
4.072231
1.657630
-4.130002
-0.260323
1.600216
-0.617803
0.043800
-0.560110
1.045369
-2.340295
0.320254
2.604885
-2.912140
0.316195
2.202340
3.790961
-2.526578
-0.578407
-3.618223
2.544012
3.869093
1.676287
4.504604
3.355578
2.739546
2.088467
2.862532
2.946177
-0.744399
-2.330778
0.047282
6.872353
0.947921
3.769517
5.101253
0.447176
7.199741
2.868593
-2.466250
-0.527997
2.078416
2.686162
3.886477
0.548763
4.029321
2.582862
0.097308
2.439622
0.905034
-2.899925
-3.689709
-0.658175
3.209026
1.208344
3.864521
2.862319
1.366304
3.428844
0.190979
1.749355
-1.049929
3.313804
4.213414
-0.721136
1.640349
2.218987
-4.489277
5.285311
2.791179
1.342708
-4.742629
3.155671
1.052612
-0.607012
3.625253
6.419065
-3.473586
1.866597
2.653434
-1.690967
2.450064
3.328029
-1.266379
-3.539424
2.387246
0.186635
-2.745040
-2.618814
3.990221
5.403751
0.841230
-5.139542
-0.012130
-2.020022
1.750583
3.445835
0.714304
-1.321937
1.633814
-0.004015
-1.827035
-1.140345
-1.033563
-2.871802
0.879844
0.358634
-3.040154
3.944093
-1.867935
0.763442
-1.384432
-1.169083
-1.855249
-0.803353
-2.159126
-3.390881
-0.860744
-0.444828
3.062550
-6.765144
5.087007
-1.649775
2.313620
1.915323
5.430119
-0.170014
7.950659
-3.006999
1.317459
-2.510442
-4.648173
0.739936
5.107553
-3.523990
1.985803
-0.177948
4.526884
2.193969
-3.108159
0.834731
1.861457
-0.786330
1.581538
-0.081796
1.286371
2.359577
4.961605
5.139653
-1.576885
2.230303
3.058314
0.892517
1.341445
-0.815227
3.453678
-3.019613
-0.575455
4.571045
3.174526
3.179333
2.275847
0.202697
2.068948
-1.129962
5.816724
0.603872
-0.429802
-3.909617
2.596575
0.641923
6.819106
-0.029239
1.496480
-0.862066
-3.153858
-4.010834
-1.477604
-0.528858
3.798805
0.870815
-2.099971
2.424255
-0.529469
-2.067085
2.941453
0.166264
-1.197286
4.941881
2.411733
-2.055729
3.795792
1.054979
9.680416
4.579703
-2.310451
3.468041
4.095877
0.769988
-2.233886
6.909559
4.166722
-2.988162
1.213014
-0.141511
1.115583
1.196096
4.664575
2.105162
3.331392
-2.145381
6.620585
-0.009588
6.952606
3.269216
1.958050
-3.491465
-3.487932
-1.635855
1.449342
3.335064
0.417732
1.751517
-3.603776
-1.545687
2.976180
1.624834
1.307835
0.984151
1.692340
5.804944
4.000662
-1.013745
3.904696
7.405412
-0.532768
-1.537585
6.178495
-7.529861
2.342101
0.906337
0.517887
-3.847957
1.611159
-0.708018
2.778100
-0.095215
-0.804792
11.020225
0.547955
4.423850
2.672057
2.013580
4.702730
-6.012169
2.576188
0.585861
1.968710
-0.955819
3.707371
1.870588
4.218929
3.955515
3.478693
1.764570
-1.413423
7.139223
0.773133
2.748892
0.629322
2.557204
2.362902
3.216480
1.643501
-0.083803
-1.574043
-1.887321
-3.162923
2.690247
-0.576195
1.049720
-4.436514
-0.122738
1.802928
-5.941465
0.185638
-0.031911
-2.417615
-2.964274
1.173045
-3.212330
1.501849
-1.918859
-3.222302
3.341439
-6.082575
-0.764915
1.783086
1.612318
1.460244
2.440949
-1.520377
0.479040
-4.498484
-1.889866
4.581554
2.283360
0.042490
0.486786
-1.017244
1.906317
4.049058
-0.732448
1.245223
-1.245040
4.315977
5.379785
1.321630
-1.072104
0.672093
4.174568
-0.741864
-3.170257
3.772904
2.316551
2.208431
6.007214
-2.481523
5.092036
4.348892
2.771899
3.829865
2.362786
-1.427154
-3.475164
0.653502
2.552015
0.977181
2.391432
0.229661
-4.284898
5.681393
4.752527
-1.274466
0.812659
2.077468
1.081154
5.403011
-0.238894
2.317667
1.403423
3.161319
-1.402080
-1.042638
-0.518237
1.587887
1.893068
-4.056686
-0.613929
-4.206220
2.620460
3.407002
2.160205
3.579772
1.342076
-0.700919
-1.130340
1.742531
-1.787554
2.002863
-4.631629
1.034187
-1.919213
1.027874
1.749071
-0.224841
3.431760
5.554974
4.292754
-0.910587
-1.098530
2.538646
1.901800
2.368028
0.064935
4.337516
2.784454
-1.022380
3.925367
3.754814
1.983870
5.187428
1.351124
1.895910
0.092910
2.225212
3.769557
-2.054842
2.982638
5.326507
0.765412
1.505503
2.028554
3.522720
2.277436
7.565237
-1.491030
-0.217707
0.548055
1.870345
5.641934
4.090750
4.116218
0.381943
-0.571550
7.168303
4.394784
-0.048761
-0.941376
0.808904
4.087247
0.895990
-0.369521
-0.334948
1.584003
2.145232
1.920001
3.820659
-3.012104
1.756853
-4.086590
-2.926319
1.648333
6.937258
4.298996
1.615989
2.205412
6.133069
0.228988
-0.391769
0.927806
0.816378
-1.862980
0.626049
2.193539
-1.438789
0.994348
1.723518
-0.121905
-0.087340
2.850109
-1.015729
8.438480
4.107524
-2.907359
7.792686
2.093925
-4.892553
-3.585088
0.724365
1.004506
0.157766
4.028388
3.438542
7.333981
0.352134
1.530681
4.029595
-0.248490
-0.551469
5.707987
0.467376
-0.628370
2.799584
-1.215759
2.327398
1.273951
1.781139
2.856352
0.855270
1.594675
2.951141
2.630197
-2.270998
2.049655
3.311048
-0.345276
-0.667287
7.533482
-0.160827
0.103383
4.910764
5.550311
3.384527
-1.452576
-0.956109
5.068077
2.036593
1.103947
0.603062
-0.753722
-3.761923
0.651591
-0.745341
4.591665
4.187807
2.221472
-2.005309
1.536250
3.941577
1.674928
3.019558
-1.964677
-1.667610
0.088202
5.232910
7.258904
1.853387
6.297926
3.130454
-2.504405
5.348447
-6.390719
7.207227
0.948344
4.312111
-1.501452
1.813107
0.966759
1.904951
-1.294898
-1.969264
3.749797
1.009393
-1.920611
2.106649
1.862279
1.300568
-3.345154
3.451973
-1.029274
5.712783
-2.932006
-3.631421
0.966972
3.491913
1.711925
4.893050
-0.443280
2.397193
-0.007458
1.676181
2.845649
0.994570
2.125731
-0.394039
3.075217
1.496744
2.483973
1.353364
-0.205994
-1.371615
1.920244
3.823673
1.218310
-5.504341
2.986705
2.378991
-3.288611
-3.848887
0.362079
1.066914
-4.095265
3.641880
2.132641
2.451188
2.020567
-2.435459
2.889566
4.165240
0.596043
-1.937333
1.425116
2.137510
4.519950
0.383561
-1.034401
4.252770
1.615862
2.253822
5.849859
3.899274
-3.454277
-0.175510
5.199415
1.472802
2.582905
-3.306110
1.025087
2.127699
-1.646503
-2.376988
2.058288
-0.065227
-1.054918
5.157859
5.936940
0.530505
-1.669182
1.148965
0.997159
6.318603
4.225409
3.260782
3.352134
4.889213
1.529693
-4.819870
-0.490286
3.305162
-0.603194
1.364324
-1.986461
2.319532
-2.930819
0.607979
-4.827219
2.903118
-1.569490
2.405040
0.231566
5.993658
0.853280
-1.284714
-0.203062
-1.208137
2.608095
-0.949244
3.463902
-5.234381
-1.017287
-7.852432
-0.437581
0.152851
-2.126667
1.401535
1.527595
-1.836878
7.641367
-2.295403
-0.383013
3.420305
1.367724
-2.412781
0.638678
4.325806
4.087643
-0.305137
3.320108
2.727318
2.686256
4.107755
-1.775813
3.020732
1.728543
0.178585
2.768797
1.481765
-0.718693
2.713547
-1.950706
-1.388838
-1.717227
4.565447
1.173310
1.242858
5.174736
-0.292122
5.337791
0.498268
0.615249
-0.155905
-0.905981
1.058651
-2.748685
1.466696
-0.984376
3.042614
-1.038829
-0.294608
-0.459303
-0.181139
-3.097076
0.105560
-3.067206
0.307958
-0.150579
1.244968
8.234153
1.028226
7.091998
-3.750542
-3.782097
0.127486
-0.896482
1.245102
0.965211
2.403456
0.307356
-3.067007
6.003888
5.356745
-1.721448
-0.215957
2.079128
-0.282768
1.002153
-2.826342
2.120298
-2.693367
-3.331075
0.835424
-3.493900
-0.394794
3.414750
-5.498755
3.281593
-2.013585
1.414601
0.776789
4.782058
-1.254760
0.469376
2.787788
0.215085
-0.087663
0.714169
0.177171
-3.895083
6.607463
0.959705
-0.808669
1.924334
-0.848511
-3.140617
1.808059
-3.880490
2.212162
6.503923
2.327547
2.021896
3.001734
0.597058
-3.467938
2.906004
3.702486
3.639327
-4.663641
0.897657
3.154966
4.266653
-1.750975
-0.135276
0.789696
0.442540
0.265571
1.735635
3.100775
-0.467485
-2.796784
-0.182748
-0.243732
-1.115712
-2.012570
-5.168006
-0.060034
-3.073928
-3.748954
1.640224
-0.694004
-5.948728
0.202747
4.265430
6.475390
-2.739722
1.156646
-2.622672
-0.789077
1.049583
2.527289
-6.549432
2.547559
-1.064313
1.467057
5.375422
-0.222880
1.237721
2.776474
5.400924
1.309270
1.752082
0.985883
10.321399
3.555448
4.242662
1.823152
-4.685842
2.061569
4.027477
-2.327522
3.303084
-0.053054
1.174718
2.162560
-5.894205
0.294554
1.389293
1.705642
0.270745
-0.128164
2.140961
0.311647
-0.299339
-2.434747
-0.251722
1.849840
1.847181
-1.896469
4.726254
2.432384
1.735221
-5.648903
1.195362
5.825997
9.321659
-1.014093
4.095354
2.056059
-2.421394
6.469083
-3.312917
-1.189275
2.618267
6.159041
-3.197302
4.726352
5.060024
-2.415206
3.311990
-0.454654
2.154894
3.742744
2.914931
-5.471341
1.919670
-0.973759
-3.470699
2.040873
2.466260
1.246929
-3.602803
2.415700
5.357148
0.369054
-2.810884
0.610777
4.612293
0.808244
-4.701337
-0.539907
-0.680988
-0.032152
2.625907
3.129086
1.370920
1.529115
0.999371
-3.282194
7.389924
-1.362364
3.259711
0.780209
2.593294
-2.060330
-6.034625
-0.964386
-1.276177
-1.525046
-0.538375
2.087849
1.847613
1.213086
-2.061168
1.859571
-6.319985
0.569958
-2.496464
5.879886
-2.240269
2.148247
7.134401
4.301929
0.361983
1.275492
-1.084454
3.132722
1.760920
-3.153043
2.206431
-0.584905
7.323069
2.057255
1.788960
6.599360
-2.101684
0.075209
0.985217
1.697924
0.908610
4.797567
2.746874
3.839685
3.986535
5.788583
4.367301
4.476279
-0.744214
6.869264
-0.991568
0.930183
1.561838
2.617290
6.683698
-0.696671
-2.179044
3.265494
-0.647842
-0.175435
-4.205458
4.238482
0.887763
-3.102275
3.829362
0.879292
-0.072890
-0.726830
0.233062
3.474255
4.591118
2.015546
9.857810
-4.549428
-2.546498
4.086794
2.671573
7.109787
0.470881
1.071657
3.767073
7.456832
-5.137488
0.406544
3.506040
6.128863
3.566847
0.774016
5.682946
-2.625021
2.720831
1.772701
4.614061
-2.918622
3.302785
1.296476
-2.485147
4.004931
1.809935
-2.930497
2.546263
-0.628842
-2.088893
-4.709586
3.501795
1.423795
1.459472
-0.010080
-0.504246
1.896179
0.556426
4.133555
4.664307
-2.288826
2.331760
2.147465
2.173786
2.709599
0.436130
-3.841269
3.207434
1.961955
-2.976461
8.478580
3.833647
2.535211
6.726039
2.954859
-6.032822
1.054204
3.409358
4.770045
-2.085268
0.805950
-2.068497
-1.005198
-0.906354
1.333794
-0.879463
2.603090
1.852495
-2.278516
0.875475
0.269481
0.129347
1.164912
-0.692771
0.181285
-1.566967
-3.047039
-2.571114
1.293009
-8.164282
1.935825
1.624589
-1.198720
1.563412
2.608444
0.966128
4.249382
-0.502701
3.039003
1.830004
-1.916414
2.369686
-1.703278
7.447757
2.284678
-0.338763
-0.714565
2.771130
-5.998137
1.627285
-0.678955
3.248384
0.115666
-1.615389
3.765537
5.297155
0.923011
-2.025919
3.750908
-4.212259
-1.648890
-0.530592
3.399944
1.538692
4.475607
3.057512
-3.340414
-3.236476
1.965382
0.573562
2.097422
1.397119
-2.539714
-5.188640
3.811156
3.209763
1.090181
0.891700
-0.054741
-1.684467
4.747639
2.723949
-3.202243
-4.283103
3.683278
3.493553
-2.265648
5.119411
-0.374045
0.944755
-2.878199
4.224998
-2.857053
4.667806
-3.217005
5.424884
2.839781
-0.321905
-5.496814
-2.366329
1.669863
-7.529722
7.419211
3.005729
-2.479548
8.238528
1.936765
0.511325
-3.139728
-3.271728
1.953119
0.981123
1.952796
7.087599
-0.637782
0.671207
2.103206
0.794707
4.689557
1.873286
1.110664
2.003136
4.402467
-1.964445
2.093067
-1.100740
5.335111
0.818978
2.586269
0.795891
2.371575
5.022355
1.334371
5.404543
2.367714
2.890788
-0.816798
-0.851124
-1.844862
8.528535
1.435686
-4.833989
-6.258848
-1.334430
5.490367
3.167804
-1.149376
-1.328640
2.560592
-4.196659
4.057499
-2.120653
4.190752
-0.020702
0.045318
1.931294
3.301193
0.578537
0.180807
7.899066
-0.559468
-1.437436
1.764860
-2.224396
4.719383
6.548930
4.104662
1.305637
-0.741638
1.813615
2.654587
-0.623092
-2.108176
-0.102333
-0.880471
1.361015
2.058759
1.633707
2.581505
-0.350638
2.016690
-0.855833
-1.707547
3.219159
4.542939
0.007304
8.874956
-4.183100
2.182175
1.988260
2.830400
-2.987087
-1.465158
8.764850
-1.422924
1.571685
1.489935
-0.122470
-4.772519
0.303616
-2.187819
0.566096
3.597910
3.549481
-4.111423
-3.698400
3.030182
-3.383510
0.937337
-0.605410
-1.696923
6.282778
-0.019614
-5.098819
1.086641
0.977001
3.576665
-3.362220
3.823733
1.363021
-3.716927
0.353257
-5.052295
2.511465
-0.392581
-0.668552
-0.057581
1.671973
1.261928
2.008107
4.802819
2.102407
1.041936
2.567921
-3.838799
2.109927
2.546756
-1.716568
0.135452
-3.109639
1.130385
2.397229
2.050087
0.548812
0.338665
0.273207
5.850434
-1.001287
1.110980
0.710139
-2.681552
-4.450396
-1.608141
-1.388470
1.106930
-3.046541
-2.576351
-3.735750
0.351091
-2.867152
7.570640
-1.936490
0.210620
-3.609558
4.508397
2.534075
5.888370
6.072223
-1.269049
2.902847
4.327940
4.528780
-0.106783
4.538468
1.991297
-2.998318
1.060657
-1.463509
-5.218606
-0.489734
-0.139215
0.414612
-0.987885
0.287010
0.352878
-0.336923
2.462757
-0.287546
1.728386
-2.343737
6.550416
-2.387457
1.956129
-1.667381
4.467177
-1.256314
0.190615
1.504223
-2.328731
-2.166179
4.601810
0.980018
3.307825
2.842956
0.501019
0.242787
-0.368474
1.120553
-9.431343
-0.861145
-2.468062
1.844983
9.811950
-3.324075
-1.843341
1.997100
3.943415
3.812275
-1.802027
-3.369450
-1.257263
-3.914037
0.930406
1.701275
4.627338
2.938898
0.651361
0.301558
4.542583
5.414001
-1.323634
0.080595
1.221633
5.144162
8.063969
-1.441584
1.828365
-0.531247
0.687628
-0.462808
2.114475
3.182920
-0.312616
1.699093
-0.032971
-0.459597
1.240218
-0.311656
2.509830
1.889349
1.283399
1.291233
2.187726
-0.287236
3.207983
1.123349
2.102652
0.438521
5.181177
4.413938
0.681241
3.124349
1.673793
-0.919548
3.074178
-1.406934
2.719476
1.510326
-0.126716
-0.075655
-2.838016
1.667271
6.214679
3.593345
-0.783989
-2.606844
2.142104
-0.152838
2.938476
1.187927
2.255374
1.774801
6.362727
2.084431
-2.736032
-0.413152
2.959564
2.710199
0.981401
-0.053660
0.572354
-3.900603
-1.245604
-2.696185
0.076237
3.792282
-4.945840
3.708167
6.269263
4.754890
7.733454
-0.575774
-0.423072
-6.417512
1.241503
-1.189069
8.305511
-2.899437
-0.474791
1.558907
-0.240857
3.972808
1.924404
2.546670
-0.417802
4.248886
1.267169
2.028186
3.007563
-2.567908
-2.020055
2.685760
0.432570
-1.793040
-7.067878
-4.912046
7.084446
-3.399929
-0.219856
3.186198
-0.249628
1.339102
-4.226606
3.927726
-2.500666
2.440465
-2.258401
-1.208586
-3.630823
1.971858
-3.267314
5.530346
5.333786
-2.696285
3.073058
-3.127410
-0.458911
2.069367
-2.106660
2.567390
-0.867492
3.926826
-0.720456
-0.877171
-1.761601
-0.301759
3.925451
6.118040
-4.979247
-2.265536
1.874719
1.188680
2.414159
-0.170909
0.376837
-0.338697
4.365986
3.789551
3.257492
1.082486
3.525606
5.119022
4.254100
-1.774046
2.884419
1.916261
-1.926317
-2.628656
-0.962107
-2.554970
3.924037
3.987390
2.879197
-2.365755
4.895579
1.127964
5.606936
-0.831604
-3.977963
1.639749
-3.871181
5.660737
-2.468669
0.199952
1.808234
3.252792
2.101719
7.011174
-1.289289
2.729473
2.825238
-2.811656
1.252063
-1.234176
1.426619
0.322701
4.124475
1.913115
-0.619920
-0.378524
1.982061
4.155940
-4.659818
-4.653736
0.821083
2.119513
4.336648
0.343747
1.979742
-0.937508
7.996956
-1.092469
-0.394919
1.995484
2.579390
2.554180
4.339735
1.012909
0.366755
4.249577
-3.293119
-1.321795
-0.721647
-1.860662
2.234218
-7.116518
0.068563
6.409600
3.988653
2.030587
1.054091
-1.975194
4.660368
-0.512780
-1.369626
5.525005
3.319919
-0.429477
-0.207527
-4.259508
4.142453
3.429707
-0.312771
1.159951
4.430154
-0.063655
-2.827351
0.023953
0.347616
-0.698208
-2.273811
3.432789
-2.182796
8.752711
1.943643
-2.317044
1.312259
-0.704858
0.744150
-1.017919
1.692492
1.635789
3.012383
5.226233
1.931677
-1.769832
0.172756
5.674438
4.445757
1.676762
-1.455826
-2.146853
4.858699
1.560281
1.197227
-0.533262
-2.375315
-3.161705
2.346143
5.377357
0.430602
-2.248707
3.947025
3.424573
-2.748703
0.764457
-1.130226
3.674033
6.952801
-0.998725
-1.131600
-3.270265
1.075780
4.118392
3.250671
-2.146007
6.165481
-4.007661
1.620705
1.290540
0.517081
-3.403524
4.417622
2.686349
-0.040998
2.350895
2.385598
1.362714
2.478460
-2.868948
0.949276
8.136424
0.802808
1.592513
1.814963
2.615820
-0.419601
2.462193
0.055418
2.757174
1.045791
1.250222
1.142273
8.180065
1.057186
1.496994
-2.114549
4.028972
5.535925
-3.542430
0.994730
-1.509437
1.145374
1.669116
2.868356
-3.962926
0.822934
-0.348701
0.754439
0.994985
-3.016256
2.551722
-2.635516
2.341788
7.375903
4.784439
4.886485
-3.598273
-3.136193
-0.482157
3.717948
2.741366
-1.039302
4.787809
-2.969806
0.135773
3.051187
-0.228730
-1.615640
2.977098
-5.563571
2.819472
-3.847868
3.079710
4.410553
2.558489
1.378009
-4.036170
1.035410
6.906687
1.658245
1.767836
-1.779988
0.251442
2.515935
-1.086914
4.957154
3.485887
-2.229392
1.092263
1.668323
2.907709
1.502073
2.685428
4.229051
-1.480805
-5.859861
4.584829
3.845600
0.991446
-2.642483
2.427347
2.873290
-3.054403
0.624359
-2.819913
0.649733
7.159160
1.364093
5.039784
-4.360070
0.161826
2.594614
0.927898
-0.231596
-2.810874
-2.284799
0.524137
2.498479
0.497991
2.072636
2.578480
-5.043342
-3.322306
-0.236789
-0.046868
4.720492
0.976142
-0.578414
-0.626139
-5.723503
-1.458259
-1.229875
1.523624
-1.004661
-1.975105
2.787504
-3.745252
3.687273
-0.205194
0.867220
-5.528296
5.518372
-2.235392
8.081306
1.020439
0.318585
-1.309774
4.674831
0.553485
1.360542
4.890916
0.079550
-0.226996
2.610402
2.525314
7.381447
1.284160
2.864460
-0.111896
5.755234
7.849306
-2.690835
-1.981561
6.321201
-2.255141
1.513662
4.130942
-1.606576
2.488268
4.389958
3.150516
-4.362464
-0.911971
1.700179
2.436574
-1.657163
0.324040
3.018765
0.966007
8.195110
2.034825
-2.975179
5.543063
7.899118
6.475092
3.995101
1.844358
1.400670
1.105072
-7.601443
-2.966799
-2.610754
-1.496576
8.369398
-1.741415
0.332416
2.847312
4.354662
-4.132962
-0.767094
1.998119
0.203683
-5.176259
1.406679
2.795985
-1.388891
-0.514149
2.995456
1.384762
4.733360
-0.226211
3.118249
5.911427
2.271174
-0.526515
2.687572
0.790864
-0.597075
-1.492558
3.178604
3.558117
1.261557
1.975069
7.364115
2.918273
-2.904729
-3.105266
-3.524309
-1.498591
-3.945926
0.110165
0.300020
-3.264569
-0.531822
-1.929981
-1.737768
0.730226
-5.232823
-2.296729
1.359277
-0.425882
-0.382332
4.045574
-0.801919
2.505962
3.951178
-1.806243
1.246030
4.766001
0.715855
3.870445
2.401948
2.533422
0.356303
-3.548802
-3.782747
-0.025518
-1.772865
-2.654009
5.573505
1.708612
1.261790
-2.926847
2.428806
-2.052362
5.798387
-1.904030
-0.013014
3.899332
2.578446
2.838733
4.574703
3.085689
-2.214625
1.945639
2.991553
0.623526
3.768049
0.309410
2.952374
1.796814
-3.586935
-1.680098
-2.260318
8.236851
3.450435
1.769027
1.413229
1.824766
-2.784659
-4.652861
1.515151
0.095436
3.668503
0.801856
-5.081069
2.118878
3.725003
2.942125
-1.010286
0.009922
3.295616
1.657143
-4.008454
0.454545
3.475937
-2.302603
-1.125902
0.571318
-0.099800
1.221474
1.742598
3.482548
2.658479
-0.894481
-2.225181
-2.373217
8.237201
0.412292
0.551505
-1.909222
5.418700
2.781695
6.388803
-4.040658
1.865196
-2.747717
-1.014173
-2.533226
0.500323
-0.540804
0.454292
-1.896104
-3.950933
0.393323
5.311026
3.617950
0.872570
6.125472
-0.497585
1.443360
1.572400
3.061028
0.204880
0.158613
2.579203
0.687442
-0.465652
4.667944
-0.249090
-1.265215
0.788442
1.238314
0.637851
2.185935
-3.159944
3.103117
3.136232
1.964390
-0.076536
-0.263073
-2.683577
3.843379
1.506534
-0.154313
2.933625
-0.821121
-3.380922
3.231256
0.992260
6.213870
-1.616174
7.550096
-0.796708
5.505391
0.599148
-2.575236
1.951223
5.445868
1.886362
5.458766
4.903467
0.944759
-0.661346
2.856920
2.748081
5.974934
0.013395
-5.315656
2.028211
0.028022
0.898915
1.250799
-3.943411
-1.096885
-2.246123
-5.020079
1.848881
2.027181
-0.053131
2.267162
3.479466
0.218968
-2.332014
2.347754
1.294271
2.191876
6.146822
0.261495
0.037712
2.268896
4.623942
0.087481
-0.632793
-2.113999
1.949905
-1.634494
0.593695
3.163167
5.304805
3.292671
-0.297715
1.417560
-1.488390
2.025730
1.232117
3.575451
5.921102
-3.047350
0.902741
0.879972
-3.442878
-0.692208
2.176089
3.683756
5.615347
3.231951
6.434939
-0.769908
4.577343
0.001753
3.538049
-0.561652
3.585484
2.870103
-2.575707
2.140479
7.145702
6.058564
-7.879959
-2.888326
4.254876
2.171418
0.909715
5.779957
5.485523
0.699281
1.215462
-2.109325
-0.302225
2.908431
0.263032
-5.888948
-0.369389
-0.403116
-1.079557
3.086874
-3.979911
-3.768685
2.670370
-3.274752
1.417958
-0.111759
5.517986
5.546904
5.065915
1.223354
9.243775
2.375735
2.442021
-0.378680
6.742196
6.592547
-4.119061
1.656159
-4.947991
0.824712
0.639904
0.586571
-3.200761
0.027257
0.269978
-0.771949
-0.773394
3.587618
0.807228
5.786163
0.265322
1.401368
3.241053
-0.652119
2.491611
1.801037
2.468019
4.953367
2.309954
3.401975
2.861767
-0.048621
-0.055585
4.925560
1.598303
0.115286
4.006789
0.107872
0.169734
2.349409
2.362669
6.353669
1.889044
-1.031771
-1.396397
-3.998265
3.997833
-3.040953
0.998598
-1.194380
-2.164025
1.622269
2.264499
3.523621
3.423506
7.678425
-3.344861
-1.540243
4.561106
1.012779
3.433856
-6.641668
2.947925
1.083691
4.076995
2.864537
2.383301
8.098529
-0.861022
4.734656
-0.001688
6.884504
0.341239
-1.244342
4.896372
-1.940572
2.726968
-3.027601
1.176636
1.599693
3.814353
4.227778
0.550342
-0.380062
-0.958813
0.831619
6.530650
-4.147099
2.475919
-0.972194
1.386451
2.226455
2.254499
-1.305502
0.548427
2.193072
7.145606
2.011927
2.554041
-0.172492
-0.754518
-4.864462
-1.251801
1.099229
4.876417
-1.390775
4.056326
4.717523
-3.829961
5.928599
-3.750010
4.115464
-1.031872
-0.815037
-1.654177
0.331670
1.148166
5.797539
-1.590976
-4.149774
-0.381835
2.705387
2.247055
-0.541052
5.109987
0.383067
-0.382516
2.563215
0.972118
3.137470
-2.586420
4.205935
3.880031
4.612141
5.393013
-5.158808
3.516469
3.570365
-1.732814
2.568481
-0.050475
-0.709949
7.179757
6.944797
1.193699
2.789970
2.162358
1.806614
5.445717
-4.368241
3.729282
-2.476863
0.760701
-1.629143
0.596076
0.351512
-1.225145
-0.864669
1.290655
1.310097
1.206951
0.574106
-3.344065
-0.495034
11.095912
-2.221235
0.814430
1.892716
-0.542776
-1.100750
0.928272
-4.959762
4.881598
0.878219
1.449031
3.793558
2.406255
1.276932
1.163147
-1.294346
2.558146
2.142011
-4.607921
-0.497815
1.626742
-1.989463
-1.229846
-2.697392
-5.672645
4.273188
5.111797
-1.353676
-3.735484
-3.821867
-2.960440
4.330264
0.965596
6.420349
2.021442
-3.798047
0.856428
4.482679
-2.245890
0.536195
7.944564
-2.521108
-2.525333
1.955809
1.241975
1.525421
7.153439
-1.670120
6.063305
4.599397
-0.288352
6.814374
-0.470334
-0.324955
2.469200
3.843508
4.540000
8.024519
3.688428
-0.997752
-2.659670
-3.815799
-0.451629
0.351826
1.535231
-2.528727
2.606042
3.285161
-2.204835
-2.350217
-2.136971
-3.841591
0.546647
5.892611
6.112483
0.215313
3.437189
-1.143601
-3.982653
1.635456
0.305356
-0.907816
-0.493426
7.213253
-3.082675
-6.843489
-2.991386
4.337041
-0.303766
-0.025761
-2.107057
3.967617
4.132007
-1.316814
1.590231
-3.056907
-0.590432
-3.190825
-0.008135
-0.456240
2.825207
0.833999
7.387238
-4.291340
-0.758982
2.435931
0.324396
2.334264
-0.930096
0.434383
-0.833580
5.698056
0.366217
1.082891
5.889786
-4.326615
-0.255759
1.866336
1.563947
2.537733
3.401883
2.597989
2.425248
-0.599906
-0.184636
-1.269329
4.079025
-0.064067
5.609649
-4.327226
5.839802
-0.140645
0.551109
4.139381
2.120933
2.129390
3.291517
2.715323
1.205637
-5.882215
3.273592
0.320977
-1.277694
0.946243
-4.622851
-1.012437
-2.041896
0.672137
3.481529
-1.110162
0.051965
0.584633
7.525935
-3.085379
-0.590275
1.974144
4.154965
3.432313
1.714276
3.243138
4.409212
1.482351
-1.596566
-0.727889
-2.711840
6.118069
0.275884
2.984936
-3.160706
3.135281
-0.350465
-2.090108
0.287641
-2.623676
3.707243
0.821640
2.842285
3.506768
1.082365
-0.225311
0.794676
-1.858237
-3.842577
-1.026277
0.449786
-0.994761
0.723522
4.190393
2.929200
1.487451
-2.249868
-3.986178
-1.502101
-0.921113
1.696584
1.705253
-2.678343
2.315120
-0.109999
3.182359
5.124328
-0.925359
2.920235
-2.302628
5.804418
1.387625
2.327907
-2.701674
-0.689610
-0.955663
-0.888066
5.648677
-0.928242
-0.109360
1.866057
-1.045549
0.504729
-2.097255
0.559440
-1.687109
-2.772058
-3.150519
4.744509
-0.232871
1.132774
1.657845
2.497055
0.735842
2.133242
2.574187
-2.578385
-1.641362
7.863993
0.829124
-2.503962
1.246401
7.010808
-1.904274
2.691569
5.806739
-0.230144
5.914430
4.160985
1.837174
-5.441958
3.173820
3.625738
-5.123962
-1.086251
5.731062
2.811019
-0.202630
-0.183554
0.474321
6.154534
0.892188
5.471238
5.228873
2.405317
-2.828790
0.557996
5.763520
-0.369666
1.322013
3.911739
3.170304
2.790303
-0.066267
1.100099
2.652999
2.485206
1.132962
1.941647
-0.193148
3.811769
1.451558
1.475418
-2.892032
1.366571
-3.031966
1.656770
3.862637
-0.101794
-2.618083
2.350017
0.673286
-0.348448
3.665565
1.496190
-0.786997
-0.261552
7.765213
2.216068
-4.951534
1.023069
1.775746
-4.641064
3.309201
5.386124
0.585872
1.996899
5.609825
1.335680
-0.883479
-2.287444
-0.892714
2.360799
-1.082412
-1.193584
3.674726
0.474792
-2.888363
4.749457
0.463242
-0.520815
5.937944
1.622674
0.233909
-4.632961
0.731722
2.079625
0.100606
-0.591798
3.279658
0.930001
5.509869
-0.357535
-3.945230
-0.403827
-0.971410
-3.385724
2.285914
3.401565
2.286310
0.247760
2.170960
-0.246046
-3.400081
2.501400
3.783626
-0.982099
-1.123237
1.639858
-4.023915
-0.564132
4.017285
1.731526
5.367868
1.396545
-1.010124
0.755577
-1.140188
3.379627
4.434787
-0.147924
-3.224473
-1.050657
-5.586636
-4.512460
0.279804
-1.103237
3.771910
6.005700
5.440220
2.621825
2.496087
1.543797
1.778304
1.462545
1.769933
-2.785759
-0.535171
3.626916
3.614583
2.058245
3.396647
5.185503
1.608347
2.384542
4.536151
1.071202
1.150218
1.226289
0.434863
0.626838
-0.533968
3.785145
-4.666008
-2.233410
1.256802
-1.809073
5.150103
2.978931
7.464693
1.634761
4.098085
7.206516
-1.609833
-0.228267
1.641158
1.839515
2.763540
2.676893
0.074524
3.769750
-5.604230
5.644211
0.134873
-3.247981
-2.477832
-0.196948
-0.311629
0.319060
0.286339
0.823553
2.461993
-1.004529
-0.672032
5.339292
5.191244
1.458512
0.652594
2.853111
1.687425
5.814689
0.937463
2.643527
3.537992
8.293529
0.324572
3.937614
-2.147908
-0.451579
4.281126
5.751797
1.812411
-3.719526
2.326506
4.705875
2.810975
2.920492
-0.755163
-0.626492
1.266995
-0.867090
4.753225
0.359247
-0.308042
4.957943
-2.975226
2.487461
-2.263969
-0.384469
4.496578
0.409468
2.048217
0.359273
3.185095
-3.573907
1.438415
-4.712566
-4.384307
-2.535011
-0.586415
-0.102601
4.932387
-5.058926
1.565345
4.658456
4.565749
0.717011
2.751948
1.429568
-0.401400
2.498641
0.907989
-3.448609
3.440392
-0.362418
-3.220383
1.702140
2.237453
0.583798
2.272081
6.110006
0.424794
4.584079
1.089144
6.997310
0.064292
3.236220
3.487753
3.290257
0.090343
-0.013207
0.080405
-1.678471
-1.693675
-1.236506
0.223037
0.452210
-1.492653
6.119644
2.307495
1.331515
3.300446
-0.631520
-2.541086
10.789973
4.255746
2.857839
4.760365
-1.123425
0.174703
-0.066645
-0.132756
-0.891506
2.833310
0.184548
0.085495
3.456095
4.741759
0.054817
0.681407
1.299830
-6.238830
3.336646
3.181301
-0.988254
2.854052
2.051697
4.486809
3.058179
-3.692241
3.447946
1.178705
1.076421
4.792758
1.151243
3.161843
5.802191
4.317780
0.461343
2.300822
-1.611163
1.761306
2.914025
-0.393479
1.884473
4.888101
1.454920
-0.853627
-3.976022
2.191402
0.492571
2.447251
-2.781956
-1.333448
4.597317
4.268874
6.992311
-3.000459
-0.653793
-8.620524
4.785446
-4.146106
-2.190813
6.665039
4.171284
0.776780
-6.940762
-3.904076
1.761735
-1.221888
-2.077497
3.808239
2.672698
0.536969
-1.543668
-3.191105
4.678454
-5.116036
-0.343631
1.109863
-1.557712
-3.131825
0.825265
5.111513
-0.326424
-0.034239
0.853493
-2.307605
0.091297
0.807876
-2.527178
-0.534246
2.674129
5.155328
-4.845958
2.598661
0.891719
0.778792
-0.492679
3.393681
-6.140365
-2.013304
-0.935185
1.742510
-0.916864
0.814572
3.987396
3.861085
-2.335647
5.640934
-5.111101
5.008896
-0.413636
2.159764
1.593763
4.205403
-4.071313
-1.803646
1.530629
-3.751234
0.949020
3.156855
1.636590
0.875009
-3.347345
0.651525
7.482493
1.923742
6.721012
4.429476
1.443523
-4.006815
-3.307246
6.065616
-1.584706
-1.677442
1.462043
-2.883952
4.434560
1.320290
-1.315475
3.958640
-4.394625
-0.089189
-0.773379
5.398822
4.853302
1.123327
4.527452
5.318710
-4.158800
-0.585574
4.463761
4.203073
-4.207406
-3.990922
-2.987172
2.434040
4.622056
-3.568125
4.317502
1.323052
2.799056
3.839253
5.603251
2.286610
-2.573993
1.424387
2.102934
3.914907
1.899247
1.422987
2.052769
-2.711036
1.088080
-0.225268
-6.993425
-3.146978
4.098652
4.548580
-5.186234
0.116962
3.605040
2.861944
-0.359194
2.356894
-2.201701
-1.082255
2.499450
1.380347
3.359023
3.417814
8.086450
0.003482
1.736062
2.752126
0.061188
-1.080863
-0.513774
-2.145895
0.600361
-0.559724
-1.370149
0.536743
-2.625370
2.966504
2.369702
4.087867
0.702686
-4.044724
3.186987
0.837081
-0.188341
0.740359
1.644483
-2.948328
-0.990011
-4.343832
-0.972447
-1.910709
2.668442
3.024768
1.338154
-6.058962
2.594205
4.136311
-1.395061
-0.458168
0.186019
-3.329499
1.742786
-3.414486
-1.364751
1.117362
-2.522563
0.568793
1.779611
7.698944
4.347483
-2.008950
0.111811
4.724577
-3.400923
-2.969111
1.245953
1.854607
5.770579
-5.234442
2.668951
0.907560
0.122527
3.515242
7.815641
1.245252
1.813431
0.836406
-2.259568
5.194172
-1.838018
-2.442078
3.671312
1.480284
3.073981
-0.931520
2.074732
3.304476
2.756258
0.715132
-2.190008
0.006004
0.948412
-2.968194
3.503803
5.817169
-5.834405
2.355395
-0.451719
0.567289
2.174043
6.688663
3.064746
-0.986259
7.343927
1.253557
1.604564
0.875929
1.254598
-0.838137
-1.259771
1.020440
-2.931209
1.060417
-0.957418
-3.069221
-1.193039
1.223590
2.171325
2.657556
0.165118
-0.935313
5.772116
2.682353
-0.756546
-2.791159
-2.149234
-1.915714
2.055307
3.161680
-0.270006
2.235704
-0.985668
0.719993
2.610684
0.047795
2.686040
0.597252
0.979450
6.823218
1.227013
-2.367412
-1.776593
5.020603
1.815501
2.681713
0.323147
0.415865
-2.650303
4.680347
7.694283
2.170737
0.378217
3.828761
4.986406
1.710766
-3.324792
-0.467638
4.893359
1.287513
-0.216619
-1.951191
-2.454567
1.186021
4.315631
-1.134800
-1.848341
-2.303304
3.304597
7.985106
4.539587
0.080451
-4.144689
1.959875
3.460094
2.827286
-0.534646
-3.259317
0.042233
-1.609933
3.557387
0.057611
-0.604416
1.092857
3.758492
1.223240
0.594293
4.002684
-3.512153
-0.392304
0.822087
1.713644
2.746038
0.077181
5.059387
2.278241
-0.211988
3.400552
7.146002
-0.060259
-0.878093
4.707848
-1.054892
-1.564947
1.841971
1.798493
3.057832
-0.826128
5.243995
0.076993
2.258220
3.125223
-1.199609
0.033643
0.415875
-3.981686
2.760651
0.851520
-2.830718
1.351723
2.220961
-0.128705
2.404657
3.804560
1.922342
2.849330
2.294194
3.669715
2.820290
-1.262696
-4.911699
4.656978
4.687328
2.361071
2.278053
-2.693397
-3.818233
2.365845
7.156736
1.386619
-0.451862
3.439434
-2.934787
1.906506
-0.063053
1.662220
4.618663
-1.190102
5.146236
-6.505254
4.986138
-2.905248
-3.273102
0.614338
1.492210
3.255633
-4.002443
3.458530
3.749397
3.320382
-1.439023
0.676575
2.866683
3.930202
-1.578578
-0.423246
-0.123905
4.046697
4.139305
-0.013888
3.213869
4.915892
-0.027761
-1.967119
6.330702
3.272620
1.417918
0.701069
0.933917
0.534497
-3.986749
-1.405051
-0.255875
3.733320
-2.427730
1.237526
1.809248
-1.389532
-1.742035
0.786612
-0.196473
5.781517
1.641928
-1.296893
-4.808917
-3.345777
-1.133753
-0.165128
6.540549
0.995948
4.163685
-0.919187
1.096273
7.786276
3.214250
0.439214
1.326894
4.773464
0.223347
4.028895
-0.352583
-3.410773
0.782660
2.740438
-0.346512
2.338872
0.471826
-6.362396
-0.384311
-0.715694
5.444372
0.566166
1.629025
0.412576
1.550146
-3.380544
-3.484145
3.658206
-1.254951
0.894781
1.352708
-1.941206
2.340879
-1.506769
5.419421
-5.524212
-2.172877
-0.494756
-2.430741
3.302948
3.234296
1.193306
5.710673
-1.627637
3.142070
4.106681
1.597273
3.359706
0.275445
1.150689
2.268658
-0.645141
4.168628
1.817006
1.697014
4.118254
2.236294
-3.729574
-1.869838
0.458251
3.775923
-0.441526
1.700483
3.596576
0.189205
4.370315
2.423105
-4.698456
1.823902
3.470625
-0.408000
-0.604634
0.255783
3.273232
-1.821722
-3.202563
3.138596
-1.771805
6.371292
2.881380
-0.207388
1.932124
-1.348101
-0.964769
3.096514
0.411752
1.358473
0.068558
-2.460150
-5.880713
1.597424
2.437371
6.210992
0.998227
4.042645
2.353988
-0.325146
0.604520
0.821834
0.752786
2.719656
0.661980
1.732697
0.631443
-3.544011
3.226223
1.057514
-1.462616
4.260821
1.474128
4.289600
-1.548732
-0.490261
-2.605506
4.502699
-0.441862
3.365224
-0.552904
-2.921375
1.774047
3.579833
7.093996
3.752451
-2.559366
2.555370
1.043163
0.622600
1.888694
4.763590
-1.589360
1.765559
1.263577
-1.479387
0.047900
-1.428982
1.487103
3.689673
-1.458167
-4.851831
4.810441
0.967125
2.925992
0.364492
0.744789
1.947996
-2.894789
3.347529
6.127687
2.792274
0.018013
0.717159
3.599813
-3.236502
0.684928
2.375651
3.279846
0.330806
2.016890
-2.524772
-0.326156
0.090696
-1.843089
-1.747241
4.200913
-0.713485
10.287989
11.387823
4.844766
0.149454
4.446192
-1.794078
4.417109
-0.580466
2.124159
2.975634
-6.027575
1.184802
5.640852
3.020285
4.488199
0.469317
2.127477
2.045322
5.199704
-3.891822
2.019822
-0.944982
0.890618
6.806056
-2.009242
0.530891
1.424367
3.088330
3.875263
-0.792475
-2.982263
-2.146307
-3.583638
1.709034
-1.987807
4.186457
3.183650
0.467752
1.523842
-2.040958
0.014247
-0.314070
1.265653
5.829684
2.322727
5.307515
4.763688
3.524808
-1.773172
0.054733
1.852849
2.157212
-0.103177
3.811182
0.571522
-1.862473
-1.313396
-2.792159
0.443126
0.313841
-1.388433
-5.524642
-3.877605
7.141566
4.503913
3.024068
0.366933
3.592948
-1.999528
-0.215907
1.771035
3.471188
-1.844465
2.759994
-3.954987
0.290047
-1.084757
4.393844
0.425054
0.614269
-7.713892
-2.793228
-1.569566
-1.526970
-2.069465
0.360619
-0.049262
-3.576393
-1.265351
1.967990
1.798460
0.439449
4.781568
1.701178
6.736553
3.661017
1.527316
0.549523
5.534803
-0.683972
-0.252361
-0.111604
-1.621204
-2.650795
2.881765
-1.565769
0.942645
0.725004
-3.403345
0.271639
1.814038
2.492299
-1.889814
1.525464
3.155195
0.513317
1.614959
0.505537
0.217383
-0.113070
-0.884614
-5.396080
2.418617
1.813622
0.346071
3.986062
1.428829
4.108514
7.152817
2.179178
-0.213038
3.873446
2.129807
-1.456425
0.069934
-1.074955
-1.009856
5.215292
2.411358
-0.718098
-0.420093
0.246240
0.703302
6.214292
6.890739
6.237631
-4.364220
2.675171
-5.462486
1.192645
0.447617
6.712661
2.826184
0.477476
-1.942784
4.713006
0.740762
1.394903
-0.730484
-0.145626
2.248488
-0.115337
3.633604
1.269337
-0.539994
0.625373
0.683691
1.170642
0.773968
1.218596
11.126624
-0.570553
-0.992513
1.418352
8.692342
0.728415
2.368192
4.427839
-0.179597
-2.905364
3.733191
-0.540914
-0.951816
-3.937641
-1.016140
3.450350
3.183918
1.958617
1.862787
3.244310
-0.036557
0.651188
-0.879548
-1.153063
-1.719054
-3.031316
-3.847099
4.687937
2.190938
0.367032
3.002596
-1.491710
-3.092275
-1.268125
5.965330
2.053488
2.059785
-3.184649
2.530736
-0.522058
-1.778688
4.504594
4.371053
-2.616793
2.451589
5.615011
1.305897
4.770256
-2.899512
2.692714
-0.731605
-3.406321
1.014261
1.568329
-3.600808
1.239945
0.431130
0.948978
2.337710
-3.170808
-0.363267
4.038095
0.405422
0.671033
-5.344221
4.148916
3.663976
3.827742
-2.413662
-1.438373
0.009937
-2.795244
4.842809
3.732632
3.772751
3.505323
-1.943161
-0.974293
2.267520
0.144667
8.325170
-2.847328
2.600272
0.649709
0.257794
-2.413548
-2.956369
6.239061
0.243222
3.777297
2.439559
1.272467
-2.406373
1.163777
-3.265464
-1.587723
8.067425
3.011149
4.810528
-3.665335
0.264441
2.558399
3.257905
-6.159666
-0.749350
1.721786
-5.559211
-0.669398
-2.991359
4.185981
-2.660363
-1.198598
-4.203138
2.992917
-5.133477
-5.054990
1.762321
-0.241892
-0.159922
2.179881
-3.196386
-3.131968
1.002651
-0.997158
-0.688066
-0.263964
-5.368190
3.598517
0.747312
1.605203
1.003836
2.355594
-2.485126
3.338452
4.076957
-3.732080
-0.108533
3.122821
0.462414
0.623251
2.048571
5.194409
-1.582674
0.153447
-1.168679
6.390178
0.565809
-0.967865
1.889762
-1.969621
3.199108
5.221745
0.165589
1.072459
-1.674600
-3.583547
-0.143375
-1.483882
-0.152288
-2.488178
0.909206
-0.297991
2.373099
2.124903
-0.851573
3.500712
1.817144
-2.597326
-2.721094
4.781608
1.838063
-3.828993
-0.545574
3.086649
-2.315301
1.611118
0.586530
-3.304146
-0.314539
6.312893
1.108933
-1.184025
1.039826
4.685102
2.653950
3.270095
-2.475318
-0.061118
5.657734
1.710505
4.274845
-4.699774
0.321620
5.034018
1.561989
-4.912833
-1.507224
-1.049434
-2.688991
0.692490
0.493501
-0.710666
-1.840601
-0.359215
-1.773945
4.656053
0.913702
-0.148896
2.354477
7.976594
2.170045
-5.383790
3.458189
1.095305
-3.838349
-4.953582
1.894283
-0.964499
-1.644512
4.973312
-3.292469
-3.597683
1.704453
-0.688071
-1.182122
-7.636602
6.281010
2.398287
-3.596949
-0.315547
1.547777
-1.740449
2.777234
0.319250
0.193155
-0.563391
-5.971299
0.243405
-1.622400
1.914678
1.904104
0.961750
5.982704
1.460976
1.160679
-0.536710
-3.171134
2.938590
3.328648
3.505544
0.100856
-1.592106
5.221058
1.204729
-3.885458
-2.129693
2.596277
-0.537560
-0.559341
0.264851
-2.561845
1.577540
-1.008479
0.401825
1.481266
5.051527
-1.170754
1.798772
5.270195
1.880047
-0.412419
-0.580518
2.186316
-1.496041
6.584478
-7.448502
-1.176102
0.679616
2.492985
2.276238
0.406506
9.829626
-2.214191
-1.506368
-2.912849
3.982751
0.937909
-1.348341
2.040830
-0.836084
0.071521
-2.083681
3.874888
-0.625018
-2.122687
1.565983
0.455156
3.421004
-2.831929
0.005590
0.108500
-9.251905
3.091724
8.430525
-1.124431
5.915566
-1.481762
-2.353555
4.504526
-0.350106
7.315556
-0.132445
5.022820
1.309020
1.478054
2.005596
-2.685360
2.044838
2.793181
-7.488245
7.206545
4.672081
2.763987
0.013794
0.029047
2.219506
2.009944
2.820760
0.338282
0.919165
1.011378
0.785148
-0.219854
1.604324
-5.005417
5.454332
1.463981
1.395516
0.759135
6.043965
3.874260
-2.879636
4.119329
-1.184013
0.563195
-0.596393
-1.319242
-1.613423
1.331637
-0.203131
4.417757
4.010724
-1.131076
-0.666196
0.634569
-2.562870
-0.158082
-4.789534
0.214695
3.469053
-2.036632
1.892222
1.918865
-6.045179
2.582419
2.235324
-2.414097
1.166232
2.548926
3.071684
4.279579
0.547881
2.900247
-0.989061
5.073083
-0.240633
3.709846
3.612744
3.771774
2.500577
-1.209902
-0.132411
-1.847974
0.541311
-1.996240
1.069073
-3.461455
-0.465536
-1.633996
2.744854
7.162800
-1.890425
4.217298
-3.791989
5.176777
6.137317
-0.567140
2.339663
1.000737
1.312026
2.520301
0.124083
2.122265
1.709167
-0.919678
-0.501619
0.672924
-2.841719
-0.763590
-0.598297
4.664629
-1.667935
3.828911
-1.628299
5.729985
0.093953
0.884396
-3.354623
2.036574
-0.597682
3.101100
-1.134295
4.289191
-1.062349
1.773697
-2.894175
2.433377
0.975537
1.322970
-0.389605
-0.361352
2.343229
-2.005359
0.787455
0.278256
0.073397
2.221916
-2.035810
4.421016
-0.383247
2.472329
-1.400621
-5.089646
2.625013
2.998517
1.243370
2.995067
-2.363543
0.919582
-3.351328
3.304339
-0.461587
0.816018
-0.576541
1.368036
5.638063
1.360586
3.714703
-0.822689
2.634979
-1.516880
-0.961751
-2.624736
1.493636
1.516343
1.464746
3.812964
-1.940129
-3.233741
-1.249578
3.877320
0.456021
3.936288
-1.460665
12.482717
-2.343763
0.503219
3.906543
1.651042
1.006520
0.432676
5.039170
-1.337534
-4.286067
2.719344
3.026916
-0.132013
4.829043
0.722490
-0.393028
2.379910
5.296171
1.368957
-4.720981
-3.561998
0.415080
1.059031
-2.117752
2.493029
2.864787
0.827758
-3.511168
4.553782
1.716230
-0.654433
1.820253
1.824692
0.727401
3.971234
3.176175
4.326070
0.792343
3.868848
2.082811
-2.515712
1.466027
5.093296
-2.572184
1.623405
-4.492522
-1.598290
-2.651789
-0.201536
-3.783661
2.387400
-0.512311
3.687330
-2.785094
1.558692
-1.767615
1.360414
0.751654
6.366564
-3.506010
-1.889181
1.343043
0.643108
-0.351138
4.837955
-0.297964
1.869583
2.255215
2.656416
-4.190844
-1.005325
-3.347057
1.114439
-2.057011
4.132341
4.297556
1.217337
-0.973684
4.024164
-3.713390
-0.830925
3.033043
2.450769
2.815532
3.941740
0.299245
-0.643993
-0.001637
-0.398007
-3.765265
2.429254
3.643557
-3.439697
-1.162779
0.974599
-3.861382
3.093645
6.381829
-0.014129
4.171903
2.797836
-1.529239
-2.259905
-3.211370
1.003057
-0.319263
4.400437
-0.203726
3.706746
4.338921
3.611194
3.170382
3.945500
-3.948314
-4.026324
3.009017
1.103368
0.651720
4.700854
0.015337
0.119094
-2.463312
-4.279888
-1.208370
2.299070
3.994860
4.397461
2.152935
-1.491362
-2.512702
2.745667
5.349844
-0.076689
7.166460
0.479665
3.126978
-5.468355
3.721138
-2.678333
4.131206
2.681464
-5.152063
-2.013977
-1.490047
-1.638243
-2.937228
3.101870
3.772269
-0.196860
0.352922
-2.111430
-0.206677
-1.862100
-1.061265
-1.919881
6.232583
1.949810
0.970213
6.679373
2.984104
-4.968688
-2.678849
4.416515
3.398752
-3.036950
-2.822406
-2.159358
1.148485
4.460864
-0.380666
-6.349513
-2.741004
2.229970
6.813946
-1.849569
0.823015
0.786126
-0.270665
-3.621242
5.083645
0.788415
-0.081475
2.186718
1.298823
5.048239
-3.195881
-2.669219
1.502822
-0.279888
-1.561764
-1.645694
5.250093
-0.221663
3.795751
-1.410616
-2.602747
0.938082
2.353373
2.344378
5.575940
4.331597
0.208154
2.467551
0.272756
1.783727
2.492640
1.838966
0.041433
1.431762
0.586826
-4.718351
-0.116025
-0.372315
-0.423301
-6.487751
2.811443
6.834167
-1.667807
1.262955
-1.170687
0.910354
0.219990
3.886125
-4.700588
1.014609
-3.506572
2.616121
-0.982782
3.818571
-2.574227
3.071395
2.313862
-2.972824
1.865807
10.718325
0.701159
1.254022
0.034388
3.278383
-0.006280
-3.771630
1.676364
2.355063
-3.291211
3.437255
0.941361
0.877988
6.200728
-1.070448
0.562543
1.426604
6.666441
5.297067
-1.100818
4.350797
2.962682
2.092739
-4.527179
2.453057
1.291925
2.724497
2.833091
0.866074
2.215107
0.153489
4.183370
2.780984
-6.352586
0.987812
-3.462729
-2.680868
7.384090
1.670110
1.051063
-1.087729
2.402482
-0.524028
2.556913
-1.008540
-0.194369
3.556136
-0.429167
4.770818
-1.093745
-0.848610
-0.772190
1.132220
0.252373
4.555678
-0.443321
3.770692
1.168765
-1.635059
3.145433
-0.497864
3.458965
0.380231
-2.380597
2.954856
0.000499
-0.664598
-0.941293
-0.259950
3.330056
2.174439
-3.272223
2.739950
-1.354690
-6.348901
-0.006324
2.905784
-2.074068
3.223013
-1.596624
-2.796222
1.483883
3.638612
-3.620327
0.470267
1.247905
4.398768
2.025148
2.584303
-1.291754
1.950990
1.407432
3.078242
5.232789
-2.203711
-1.549035
-0.560643
-5.773285
-1.693179
4.370573
3.419259
1.233620
0.271189
-0.130549
2.897099
2.950011
0.857032
0.197344
1.631415
0.265584
5.928181
-1.212593
-1.518159
1.814980
0.244291
3.159126
1.468163
-2.916610
1.152702
-2.374617
-1.119193
-1.550995
1.983320
0.621584
0.223544
4.485143
0.466650
2.746992
1.725385
-0.787955
8.039156
5.109847
4.394718
-4.217540
-5.421911
-4.776809
1.423642
3.202030
3.456470
-5.632138
1.333788
0.789209
3.932091
-3.489483
-5.033387
2.616961
0.274325
3.486105
6.293463
0.436466
-0.652239
-4.059298
3.889109
-1.208391
0.527131
2.664442
-3.226565
3.483944
-0.295039
5.200181
-0.598682
-0.570299
-4.910704
-4.338840
7.858294
4.316971
3.019338
-5.221070
-0.850920
5.837273
0.240089
3.718547
-6.336789
0.706140
9.029278
4.861524
3.918490
-0.640578
-0.827694
1.069785
4.265258
-1.110686
4.526958
-4.590621
0.952745
-1.379542
-2.273986
-0.093020
8.040986
-5.006045
3.639077
0.937627
-5.617994
-4.220567
3.952461
5.014051
-2.434636
5.360379
-0.163415
4.959611
4.130630
4.192038
2.088996
-0.822866
10.231895
0.079572
-1.271601
-2.336607
-2.036567
-0.955034
3.066828
-0.983056
1.428510
4.147599
3.884299
1.741079
1.194654
0.260774
-0.371930
-0.386104
1.531052
0.073810
1.837826
-0.035581
1.237920
-2.583918
-4.727775
3.766964
3.505272
-0.451775
3.571119
-0.482898
-0.851679
-1.106936
-7.842720
-4.544847
-2.902521
-0.122191
1.533570
-1.608029
4.593896
1.422916
0.743216
-0.109483
-0.098657
9.201121
1.812979
-0.001076
1.030199
-1.079122
0.956102
-0.759080
1.336447
0.863047
1.573095
5.692450
-1.063783
-1.468917
4.183176
1.906839
-0.062053
3.554393
1.136838
0.538575
0.936165
-3.712733
2.680242
-2.074821
-1.168957
5.548135
2.834661
0.589760
4.139309
2.224110
0.452369
3.123054
-1.151696
-1.670474
0.293004
0.855582
-1.269855
6.170319
-2.416998
-3.123316
3.191194
2.257610
-2.619766
0.446845
0.494348
1.743924
4.721869
1.440336
-0.852381
-0.351679
4.703665
-1.304519
-2.207620
4.141002
1.183845
0.127706
-2.077904
0.881662
4.190926
-0.881012
6.214992
1.480682
-4.233403
3.706787
-0.891192
-0.459812
1.974172
0.399098
-0.603437
-0.529341
1.445586
-1.964839
-1.854567
1.900608
-1.579574
1.230914
7.584530
2.789939
4.263361
2.409205
0.881233
0.332904
0.866272
-0.244179
-1.685857
7.544775
2.513526
3.558455
5.953843
2.941419
3.670284
-0.858690
2.857105
-3.643112
3.762181
4.745515
7.383979
-2.388438
-5.713221
-2.573830
-0.632058
-0.101647
0.717207
1.107404
2.190676
-1.803877
3.066787
4.529321
0.427286
1.527905
2.320731
-4.711289
-3.256585
3.602202
3.182249
0.584527
-3.530763
0.753853
2.620536
3.782617
6.217200
-1.678870
5.353858
-1.285285
3.206672
-0.238010
-0.328457
0.599931
-0.583627
-1.994288
0.803251
2.235917
0.724649
-1.533453
-0.330411
-2.413414
2.137732
-2.408262
-4.549048
4.884607
-2.887537
-0.037640
1.930385
5.108362
-0.041717
1.448303
1.983493
-0.637039
-4.496908
2.129953
-3.910126
0.533845
0.214645
5.036502
-3.888702
1.336398
0.562906
1.470325
1.886352
-0.870494
-0.457064
-1.017884
3.118055
-5.510894
-3.136425
-1.341246
2.115299
-2.995926
-4.136490
1.314755
7.421288
2.741971
2.488903
2.832010
2.738784
-4.730807
5.733410
6.580010
4.422340
-2.744624
-2.626150
3.495670
2.732293
1.938274
2.385843
-2.058396
0.088244
4.962464
3.235649
0.130245
-0.059302
5.163833
0.450380
-0.896561
2.902534
0.187056
7.185816
5.630413
-3.164298
-1.993521
2.331215
-2.687814
-4.072298
5.055441
-0.009543
3.977060
0.251148
-3.905388
0.964539
1.185548
0.742146
4.803935
0.989181
0.243331
1.106997
2.319904
5.388221
1.107270
-1.468042
5.173785
4.278901
1.193306
-4.295166
4.016202
0.616026
2.141149
-3.553399
-1.499134
2.207555
4.139931
1.693265
-2.934763
1.257000
-0.762606
-0.398453
0.089735
0.519408
1.473897
1.415675
3.165709
4.624037
2.199683
-2.822394
5.498091
-0.510565
1.262933
1.011242
-0.382118
-3.034282
1.295923
-0.791207
5.519524
-0.155470
-0.488720
-4.582982
-1.137505
3.063604
5.793764
2.007916
2.295154
4.881651
2.503293
-1.908823
1.411900
0.494617
1.172374
-3.671843
1.562410
1.639667
-0.725687
9.177622
-4.003419
-1.979656
1.418145
1.366725
-0.729015
5.989699
-1.291662
-0.758001
-3.361694
5.655333
-3.838501
-8.158161
2.750862
0.478006
-0.438939
1.523163
-1.031925
-2.589954
-3.835153
4.025481
0.309312
-0.086490
2.255701
4.554823
2.910801
1.549734
-0.433418
-0.983428
1.801307
0.609008
0.233838
-1.583631
-1.116714
-2.061850
2.531176
3.410384
0.419236
4.666490
-3.503448
2.411924
-2.881068
0.705227
-1.942677
7.293834
0.747733
0.540430
5.209918
7.781742
3.914072
2.049816
-1.623951
-0.889860
1.281775
0.198615
-8.168511
0.298628
0.494433
4.927823
0.776347
1.350025
-1.598237
-3.568981
-2.999068
-1.365087
-1.227932
9.169292
-0.526446
4.609219
1.809340
4.214886
6.269180
6.064152
1.917601
2.680065
4.410856
-0.332474
-0.148430
0.122796
2.462319
0.464215
0.597053
4.137595
3.539803
3.342632
-0.579167
3.374978
3.509905
2.288742
0.684265
2.558261
0.569069
-0.219374
5.394598
-5.016068
-0.527889
4.231634
2.363088
-2.886361
6.812379
-1.423140
3.348441
-3.115462
4.378390
-0.003146
2.721571
3.209260
-0.299989
3.814687
4.320479
-2.364641
-0.145450
1.210407
-4.847453
-2.341022
2.982102
4.667456
-2.243921
-2.416128
2.726438
-3.853267
3.248234
3.334635
2.070822
-3.161203
-3.946013
9.028236
4.923617
2.645275
-4.553061
-0.369198
3.185902
-3.881530
2.891652
-4.876192
1.489772
-0.897600
-1.095016
5.477593
-2.124781
10.012369
5.657015
-3.364511
-2.265074
-2.388897
-3.021327
4.990989
1.473579
-0.557791
-2.885744
2.258481
5.017658
-3.066653
2.784310
-0.643893
-2.071289
1.839049
-1.154096
-2.726236
6.353728
-2.697949
0.065152
-3.818804
-0.367839
-3.699254
-1.597330
0.813914
4.244328
-2.066079
-1.420813
4.241646
1.007845
2.926877
-2.744333
-3.097150
0.248764
-0.917975
5.718238
-1.719342
2.244725
4.045089
-2.856677
8.559448
0.010613
-1.047054
0.555128
-1.096020
5.450518
2.197669
3.327630
0.563116
-1.025182
3.777846
-0.858033
1.593527
2.267232
1.055248
0.716912
3.972926
-2.759307
1.722746
-0.690540
-0.661237
-3.023508
2.929132
2.624538
-1.949709
2.986440
3.786774
-5.799500
2.298427
1.646158
-1.483329
2.467866
-2.130850
3.803868
-0.649027
3.040114
-0.208964
7.135170
-0.250027
1.001264
5.489334
-2.243202
0.574270
-1.090280
5.507013
5.087495
-1.124875
3.646900
0.246944
-3.017126
-0.613709
9.181792
5.578381
2.002662
3.446331
4.060533
-0.708743
1.579784
6.867071
-2.336293
2.980542
-0.248836
2.812229
3.157242
7.719553
-0.431879
1.156911
3.580496
2.437353
1.980965
2.752937
4.095948
-1.515622
-0.474446
1.028097
2.844645
0.023966
-2.250444
1.107009
-1.895228
-0.155642
0.510482
1.838591
-0.090354
-2.071882
2.652268
-2.937795
5.070184
1.643787
-0.051928
-1.218259
4.427629
-1.438370
3.657446
-2.966768
1.828056
-0.742749
-1.114461
4.149257
1.211153
3.815547
3.324754
3.828600
0.073475
0.198834
1.470054
-3.295001
-2.617530
-4.803654
0.124630
-0.267095
3.682955
-4.950562
-1.489166
-2.415139
6.491426
1.251905
2.224113
5.438912
-2.354740
1.379446
-1.693436
0.053011
-1.672097
-3.339708
-2.881054
6.464062
-0.344275
4.039126
3.183407
5.343912
-2.572720
2.971304
-2.267660
2.137258
1.873130
1.111832
2.389909
-0.027757
-3.346783
-0.427339
0.976250
1.801666
2.415056
2.003093
3.260350
2.752083
0.853743
1.128954
2.746754
2.457605
-1.334337
4.803374
0.616040
0.558150
-6.784561
-1.984294
0.128017
-0.530167
3.086984
1.934415
1.892400
3.959608
2.420015
2.863926
-0.693563
7.123817
5.130550
0.767257
1.498140
5.147548
-1.276513
4.088014
3.180039
-1.899426
-0.817451
3.196096
-1.414303
0.088945
2.533204
1.208827
0.624070
-1.110216
3.822173
2.960712
0.440834
0.036295
-0.724071
-4.097766
-0.669604
3.883566
7.982787
-1.931927
0.039073
-1.363911
1.163311
-0.538254
2.485902
-3.917227
1.137124
7.751910
0.707406
5.125790
0.772173
1.903989
3.532128
-0.416118
0.199654
-0.610525
-3.049233
6.132548
6.132928
0.857357
-5.240537
0.645637
0.727649
0.049503
2.692297
0.503580
-4.384726
1.119728
-2.504863
-5.250496
0.125845
-2.672428
-1.223228
4.207575
3.074465
5.591120
7.030556
-2.293443
-8.052237
-1.657534
2.248824
1.306853
0.867820
-5.439882
-1.766448
-0.459075
-1.674544
-4.638285
10.809158
-0.312992
-0.701140
3.027247
-0.747294
-0.522783
5.704797
5.328720
-1.139863
-2.676015
2.222672
-3.504607
4.709102
4.141680
5.993830
-1.250599
1.264441
1.312708
-0.884655
-0.896259
3.350487
1.016340
2.869059
0.452005
-0.983792
-2.297310
-1.959875
1.104975
0.031568
-1.514773
2.743159
-4.934018
-2.033983
-4.879071
-2.556566
0.653249
1.262718
1.854447
-2.537073
5.636643
2.534215
4.816024
2.274875
-2.832210
-4.103494
2.221477
-2.118824
7.548621
0.808885
-4.096438
4.261693
5.500125
2.169432
-0.010344
4.285285
-0.276398
2.650182
0.137468
-1.953321
-2.279032
-3.474741
5.827097
-1.159216
-3.395695
-1.532009
4.725183
-1.998569
7.964219
2.148857
0.303124
2.581994
4.488297
2.405623
0.925310
-2.836321
4.911169
-3.061162
1.570973
6.251677
-2.470429
3.592794
0.479784
4.793461
-4.806331
-3.357736
0.933495
2.929209
-4.961288
0.756858
5.264969
1.931716
-0.307165
-2.080730
3.668639
0.142460
-6.095164
3.651288
2.621230
3.243801
2.173506
5.040028
-3.866630
0.497410
-1.487819
1.227182
1.698418
-6.371991
1.720604
-3.561819
-0.340465
0.376747
-2.997850
0.387894
3.775148
-3.144750
-4.793894
4.045998
3.069152
4.254127
-3.332492
1.810689
0.673587
0.731360
5.255275
6.314041
1.614309
-4.261790
4.228347
1.245942
1.024601
-2.141407
2.027991
-1.257390
1.487887
-0.486599
3.181718
0.246283
-3.926297
4.261703
-1.217646
3.528740
-4.541210
0.340652
6.606657
3.929690
2.878893
-1.642453
0.344534
0.587893
2.207818
3.687163
-2.659188
-1.649103
-3.311937
-4.033079
5.765922
4.140362
0.901209
4.776874
-1.935714
-2.709250
1.826496
1.137803
1.936892
-3.936434
1.449059
-5.075414
-1.566560
-5.165819
-3.376122
5.330039
-2.728729
-3.313410
-4.706172
-0.953984
0.422351
-3.449032
3.327887
4.735149
3.555043
-4.647584
-9.152957
1.516958
-2.104738
-6.299981
1.932760
-0.402495
0.191417
0.231902
-2.611453
-2.023278
-0.530505
1.311141
4.324873
4.643031
-1.998507
3.370978
-2.269401
5.650517
5.305774
3.080601
4.159690
0.444268
3.670797
0.058514
0.258228
2.833933
-3.967621
-2.816175
-2.081497
6.622497
-2.044275
3.383672
0.892655
-1.083667
2.541769
-0.533497
4.801577
2.964362
-1.498303
6.643698
6.091814
1.221789
0.859390
-4.035270
-4.237896
4.830463
-2.927414
-0.637005
-1.103894
4.519290
8.319613
3.091197
0.394407
0.078119
1.417288
-0.850747
4.420242
4.156737
-0.665159
2.378107
-0.933778
0.235086
1.715214
4.292281
-1.631537
4.307917
-0.187739
1.176994
3.374596
-1.407938
7.615810
-1.836047
-3.126355
-5.132487
-0.214905
3.138410
4.776735
0.820065
3.639663
5.091001
4.203249
2.493812
2.703431
10.656355
2.959861
2.594375
-0.289111
1.111538
1.826347
-0.059815
2.014048
4.600887
0.129680
-2.431190
2.530013
6.854031
1.153911
2.096209
1.718684
0.844255
2.962280
3.128892
-2.261513
4.199638
3.893975
2.561150
2.951030
5.012718
-1.194379
0.321908
4.205340
2.075259
-4.241440
2.248429
4.103312
1.409079
3.076336
-0.580324
4.485634
-1.250603
-1.734367
0.687393
-0.121406
1.138413
2.155580
-3.980785
0.164720
3.190968
0.938338
-0.162533
5.860694
-0.271945
-3.031262
3.461418
-1.497638
5.036243
3.380430
-1.228865
-0.361281
-0.783899
-0.983505
0.787721
0.564664
3.445992
1.919224
0.330247
3.014293
-2.415348
1.159902
1.367050
-0.944570
3.621220
5.012701
0.974063
3.401133
4.576721
2.494067
3.768635
-3.488532
-1.586399
-0.074655
2.417756
5.533488
-0.518869
5.707688
1.933810
0.736562
2.943308
2.580865
-0.988205
0.848242
3.928961
-2.102956
-8.397404
2.867077
6.832868
1.424683
0.945327
-3.434125
-0.367705
4.038537
5.887313
-3.541961
3.559093
0.137452
-1.541195
-1.649293
-1.373409
1.291469
4.355964
5.776240
-1.949446
-2.631073
1.294356
0.883048
-2.428469
4.179277
5.908771
2.873221
1.609093
-0.970811
-2.822184
-3.783243
6.334163
4.564003
6.267261
3.028477
-4.987462
3.464544
1.642649
4.980378
-0.669884
-1.392109
4.947548
0.426221
-0.720285
0.175876
-1.241601
-0.280165
3.741552
-2.982326
-3.085247
3.441336
3.370500
-3.484085
2.334033
-2.464021
-1.066394
1.357887
0.957687
0.498469
2.604366
4.129873
6.448385
0.168774
-0.410379
1.002488
1.947972
-3.917740
1.032283
1.480215
3.839279
-3.849344
0.653955
6.729778
1.833270
-3.477299
-3.175394
2.997974
3.263240
3.154520
-2.203862
1.072797
2.614610
-0.172655
1.297537
-1.390664
-3.691677
-0.403347
4.449522
0.381776
-3.621245
0.063405
2.934035
-1.628186
3.002835
1.399747
0.561016
-0.937697
-0.043517
3.784979
2.345859
3.531009
-2.706243
3.703146
8.559381
5.407664
1.868922
-0.702871
-4.311806
-0.359822
-2.263937
0.107749
-1.821175
2.311688
0.419119
1.959907
2.035198
-3.261355
2.608383
1.206666
4.882688
2.243171
2.546616
1.310242
3.145277
4.893227
2.074056
0.996431
-0.287876
-0.437374
-2.812514
-0.226282
2.000999
1.700201
-0.029343
1.063587
-1.300170
8.200583
3.844972
-2.468030
6.667811
-2.041626
5.874947
1.999702
-3.495545
-0.728209
-0.598850
1.703507
5.156754
-3.711123
1.340870
-4.781466
-0.381475
-0.900093
0.528878
0.645468
-0.491234
1.052611
0.514481
-1.888894
3.172911
5.298397
-0.618860
2.332999
3.454782
3.058166
1.192637
-1.503881
3.386836
3.015250
-2.027576
3.166713
3.039970
-5.235919
4.861924
-2.020736
4.244844
3.986487
1.841444
-4.014405
2.454513
-0.882760
1.375153
3.049928
3.623984
-3.823955
-0.037596
-2.550512
3.850805
3.743825
-2.822733
-4.484223
1.804604
5.078624
5.176808
3.958721
1.874681
-3.455346
3.013178
-2.526359
-0.372118
4.476964
7.025318
3.497050
-1.240716
5.788258
1.666697
1.701182
-1.021292
-0.244067
7.378990
0.778272
-0.367740
2.358466
3.565748
0.576417
1.969826
-4.497755
-0.323215
-2.341439
-1.081081
-0.276241
1.561157
-2.640658
-0.803802
2.390958
1.408898
-2.607964
-0.580344
-6.933593
-0.861090
2.155333
2.809978
3.001609
7.965439
2.327206
3.882549
1.209570
0.849261
2.350937
2.444041
3.387729
0.546864
-1.996337
1.314356
-3.632543
-0.691155
1.890332
0.037572
5.978902
0.539710
2.426604
-3.447222
3.341951
1.325869
0.756012
-5.185875
1.590238
3.378739
7.113868
-3.535429
-1.833797
1.187904
-1.527200
-0.144171
0.552662
-3.541546
5.269208
0.663366
1.693304
0.842027
-1.526999
0.369872
-2.640399
-2.603661
0.133067
-1.312276
-0.150740
2.254175
-2.038027
3.355700
-2.377864
1.720716
2.670565
-0.469721
7.065399
7.885193
-1.984985
-0.981277
-2.331148
1.121278
1.590953
-4.254892
1.745034
-3.928634
0.112589
1.344900
-1.057231
0.512249
3.669115
-1.335765
1.870842
-4.369042
-0.885611
0.421349
5.620279
9.045421
1.337540
2.964444
1.744967
6.145932
3.644639
2.976657
0.813087
10.791339
-0.654033
-1.392364
-0.225970
3.536465
-0.660096
-3.886221
3.388805
-4.903821
-0.767488
0.727278
4.254650
-0.989881
0.599634
-2.215307
1.437117
0.083177
2.329814
3.105144
-0.701592
2.951130
-2.472110
-0.526886
5.007126
0.513965
-0.591604
0.765095
-0.260129
8.449490
0.203235
-4.313128
0.070510
-4.835274
-0.868432
0.654736
0.056983
-1.418179
0.601127
2.690662
1.712281
1.672801
-0.168805
2.525945
3.137495
-0.332867
-1.266627
5.825258
-1.440063
-1.723603
0.739751
-1.033763
5.761429
-1.200183
6.071692
-0.560959
-0.635962
2.036741
3.919456
-0.570225
-1.606780
1.559976
-5.600528
2.915360
4.020628
0.000048
-2.433661
1.279362
0.572096
-0.431437
-2.908536
0.534714
-0.920094
0.707675
-2.062705
-1.452370
2.081530
4.475899
2.182943
-8.072311
1.493016
2.134212
2.738892
-0.826284
-1.098979
3.714561
-0.315988
-2.250658
-0.652500
0.250622
0.015365
1.587354
-0.659819
0.258724
-1.877073
3.458900
7.762660
2.321251
-0.745643
5.897818
-3.484390
-2.048134
4.461845
6.077731
4.948434
5.035284
-3.295420
-5.265470
1.619778
2.251552
6.200290
-3.034244
-3.854441
-0.107644
2.382330
-1.425611
3.268149
-0.099770
-2.901457
-2.783689
1.470737
-4.626169
6.552804
1.251492
1.988625
-1.408562
7.530350
2.870152
-0.931984
-0.060300
-3.754370
3.872987
-3.716885
-1.159655
1.295457
2.206738
-2.015327
1.144511
-2.098411
-1.374174
0.906012
-0.754941
-4.019355
1.337747
1.417914
1.707290
3.407061
1.888677
4.502612
-2.468008
3.185253
6.614946
-0.397651
1.066997
3.737783
-0.795268
-0.884995
3.059230
0.234421
5.239081
-1.675050
-1.280502
1.187899
0.504168
2.027500
-3.385219
0.877560
0.751757
4.942990
-0.273066
1.716250
2.719592
-5.398287
3.289028
4.274136
-0.771632
9.126953
-1.361279
-1.299702
4.135582
-1.668798
3.857980
5.335589
1.351422
-2.630929
-0.113326
1.784216
5.758788
0.977659
0.706136
0.290131
7.224936
0.950558
1.908319
9.377949
-1.004449
0.373359
4.001085
-3.135472
6.541175
-0.240902
-0.904897
-6.393482
2.488045
6.418423
0.906119
1.767642
1.893388
-0.334925
-1.979494
6.756220
-3.549128
-0.407893
2.687812
-1.254935
2.067099
6.116854
4.121677
5.691671
0.908365
6.327489
-1.011905
3.177491
-0.725494
-0.367655
0.544337
-2.404326
-2.751177
4.132071
-7.788488
6.133703
0.389402
1.398105
3.964287
-1.698700
2.864487
3.711928
-3.645783
-0.084041
0.903473
0.945827
1.681207
2.952963
5.448363
3.744899
-3.037134
8.420643
2.793254
1.113320
1.263894
-2.635798
3.752169
-2.688537
1.756997
5.203451
-0.704866
2.993732
2.135460
1.178945
-0.989286
0.461138
1.036154
5.453450
5.669384
0.691076
3.240531
2.399625
3.891403
0.335870
-3.326478
1.012871
3.030234
-3.053773
3.373358
-2.613175
4.260631
4.919355
-2.299659
3.623631
4.086751
-0.672471
1.893757
0.682955
0.881416
5.434844
-0.738567
0.486503
-1.239785
4.509499
-4.000992
-1.267264
-0.585938
3.480489
3.172825
0.606584
4.182509
-0.279992
0.330323
6.387197
-2.909692
-1.120688
0.905236
-3.013505
1.168690
-0.059453
0.422550
2.852929
4.750179
-1.537113
1.241999
-5.580594
2.197500
4.677792
0.614287
4.741527
1.674744
3.072712
1.656978
2.763750
-2.169561
3.670923
1.420600
4.722136
-0.362340
2.144466
0.260844
-2.010396
1.444801
-0.186658
4.340920
1.373596
3.201125
-3.380069
4.518373
-3.224339
0.603418
2.392126
2.430542
-0.692791
1.090103
-3.592458
3.404409
-2.364121
1.880512
8.113679
-2.605152
1.530417
-1.123578
2.132078
2.311923
-0.244718
-0.269554
2.712786
-0.657519
3.575233
2.413608
4.372160
8.426592
-0.019871
3.542834
5.094819
-1.501857
6.398925
2.582090
-0.399597
-1.521345
2.653662
4.891363
-0.723148
-2.364474
2.328642
4.066651
1.785530
-3.527201
1.433115
5.566473
-1.740332
-0.346150
3.712333
4.333807
-1.235014
1.367694
0.558647
-0.568801
1.162829
-0.910090
-4.323763
1.204867
-3.383674
1.148487
0.047852
2.540837
-4.252956
4.272246
-0.911016
4.562886
-0.663147
3.620745
-3.191271
3.415487
-1.253580
-3.631622
3.395638
-0.536637
-1.208044
1.576762
4.864366
2.732626
1.919623
3.144384
-1.093346
0.042681
3.797146
1.398477
0.777114
-1.730173
-0.491571
3.471606
4.616914
4.795454
-1.854642
5.980759
2.128907
2.980237
2.714889
2.025752
2.971567
4.576880
-1.428006
3.807358
4.355510
-1.382731
4.318894
4.354368
5.898512
0.528312
-1.421776
1.493226
-0.754744
1.190433
5.018414
3.094730
-2.179267
0.280531
-1.593526
4.524566
0.123309
1.190694
8.051034
3.349783
-1.145815
0.816144
0.079351
1.066051
1.778397
6.404948
4.195846
-0.932937
3.108614
-0.896387
4.610409
3.861156
2.351815
-0.722317
-0.154610
4.788182
-2.310356
-1.748633
3.278365
-3.743948
0.626081
0.319763
0.619032
4.212785
0.542322
-3.694894
1.067681
1.502038
4.288662
-2.327096
-0.935949
-2.458747
2.180671
-1.020802
-0.188326
1.764562
-4.662901
0.365768
0.053926
-0.276292
0.671746
-2.393207
-0.176566
-1.438974
-0.883582
2.037410
-0.573640
-3.484156
3.882687
-5.208072
-0.779963
-0.368771
0.736075
-1.365027
-1.842648
3.624851
5.407643
-2.377385
1.298499
1.739200
-2.207151
-2.673338
-0.401868
4.303186
-3.169718
1.669349
-4.856603
1.465799
-0.477140
-3.801958
6.710342
-2.866949
2.901644
-1.916234
-1.986698
-1.670655
-0.641107
0.436304
-1.678246
-1.493158
1.509067
2.038000
1.849640
-0.418546
2.378122
-3.033735
3.506304
-0.864237
-1.072037
1.077870
2.606214
1.362421
3.091947
2.321547
3.614148
1.968247
5.099854
0.972987
3.967450
3.349205
-1.473163
0.263447
1.496682
-3.190469
4.939342
-2.128296
3.982361
-0.311119
-1.866494
0.629304
2.520010
0.844794
4.227809
1.511547
-0.384549
-1.015565
-1.473645
6.218588
0.250144
2.182040
4.029121
2.223496
0.167995
2.134239
0.569470
-2.906923
1.864300
4.042395
-0.102870
6.259751
0.738787
6.287118
-0.613693
0.562026
-2.351888
-2.788810
-2.071708
4.222858
-4.151620
3.509944
4.533501
1.912051
-4.166648
3.778974
3.355000
2.439909
0.409493
1.521589
-0.609907
1.381275
-0.589432
2.663083
2.636407
0.981703
1.826279
6.581588
4.075867
-4.722733
0.097202
1.610002
-0.681643
0.800249
2.032210
-3.929481
3.080969
-1.120299
1.578548
0.168138
-4.983559
2.129139
3.702112
0.252912
-1.908824
-2.790840
0.370920
2.616030
0.637584
0.611881
3.178605
-2.746872
0.914298
-1.236573
-0.342608
1.674683
1.015135
-3.179595
4.307242
5.432070
6.961243
1.578330
-1.860986
-0.514760
1.930066
1.900679
2.010021
1.542300
-1.145791
1.918084
4.034371
2.646918
-1.211316
7.424765
2.937345
-1.410417
5.819630
2.905859
3.750590
6.705884
5.542650
2.325410
-0.301576
0.515052
0.154904
2.764680
-0.030242
3.343651
-2.942965
1.406534
-1.803008
4.971255
1.653785
1.595472
-6.564855
6.432681
0.005125
5.624195
0.988481
6.313049
0.500449
-4.216917
1.412345
-4.059199
1.625752
-2.035535
-2.176581
-4.933166
1.638637
-1.227783
2.975104
6.231494
0.615324
-4.078872
4.866752
5.836535
0.823415
2.049535
-0.251276
5.882151
1.355915
0.271868
0.224003
3.610636
3.617985
1.805642
4.215466
3.967203
5.251171
1.373104
4.746671
1.614217
1.995992
1.994280
6.520492
0.783872
-0.663626
6.777370
4.208290
-2.029295
1.652339
-1.674001
2.504900
5.099043
2.672927
0.718587
0.071376
-1.623931
1.834026
0.453991
0.427733
-2.631339
6.110045
0.962888
0.204039
2.565451
-4.217102
2.845307
4.813759
1.722696
-1.067628
-1.727400
1.929956
8.820193
0.234149
1.219199
6.628807
3.476085
-0.515080
2.500452
0.913869
-1.075285
-3.785014
0.956673
9.889791
-9.076879
0.549393
3.919096
-1.128648
0.210174
4.679892
5.395776
-0.699762
2.141715
-0.571420
-0.002603
-1.877162
4.175648
1.270116
-0.869126
1.601781
-0.170635
-0.066644
7.584930
0.806468
1.681113
-1.946012
0.456815
0.052204
-1.144355
1.972010
0.704164
3.435587
2.864987
-1.244173
0.609093
5.844200
1.404245
4.195307
2.701044
1.013881
3.857017
-1.635823
-0.245873
1.093059
5.336169
-2.949433
-0.742433
1.938423
5.192029
3.443420
-3.499764
2.928022
1.955154
4.186620
-0.932595
4.938365
-0.282332
-0.044908
-2.789992
1.616067
1.631602
0.688749
-3.347888
3.208660
4.172022
-1.523818
4.418687
1.733374
1.312136
-2.524244
-0.613041
0.090365
6.895756
-4.979902
-1.611405
-0.481374
7.594029
4.138076
-3.081459
-2.681605
0.528873
3.182788
-1.119843
3.020158
1.408698
-0.165555
2.175688
4.280620
3.109387
-5.013622
0.289478
6.296113
-0.697269
1.669706
1.980829
1.307508
-2.916813
0.344101
2.357334
-2.096773
2.714244
10.351907
4.405099
0.109349
0.886087
-2.942499
1.141950
-1.856394
5.423265
-0.519709
6.225143
4.464629
-1.753742
3.893633
1.254700
0.403881
-0.874018
1.856704
3.651487
5.267833
3.652911
-4.545706
-1.709752
2.892344
-0.945227
-2.341724
3.049638
7.077481
-6.471068
1.785088
-5.320862
-1.656717
5.052107
-1.331014
-0.236578
2.906094
1.790243
-3.298240
0.296239
2.056535
-1.526576
3.505614
1.128226
4.276783
-2.778864
0.074783
0.889722
6.887578
4.388318
-3.394804
1.919427
2.517271
5.438391
2.208555
3.132144
3.133871
0.593532
-2.579344
-0.438002
3.201241
4.212030
3.076025
0.404148
-1.436159
-3.083342
0.106906
-0.829271
0.211586
2.629308
-1.256504
2.068821
3.465859
4.167487
-2.575518
0.180657
3.014848
4.086979
-4.698656
-0.653519
2.369090
1.101997
2.464405
-0.077394
5.176131
-1.142917
-0.767139
2.637746
6.878955
-0.816807
0.981720
3.358978
3.967881
-1.208300
1.904776
-1.273710
0.909407
-0.491931
-6.132480
-0.303322
-1.460913
-1.414162
4.007248
-2.305722
-1.004359
5.216225
2.277862
1.154840
1.404961
-4.568144
1.056575
4.808709
1.493653
-1.358665
1.031462
2.371820
-2.975401
-2.914391
-2.211329
5.253441
-6.166478
2.514404
3.303951
-3.182695
2.491529
-2.936770
3.938278
7.213382
0.504597
-5.257823
-3.383005
-0.125484
7.523724
1.606385
1.986801
2.522974
-2.807441
-1.277062
-3.050880
1.127012
3.629889
3.342716
5.685442
-0.138856
-0.248852
3.625407
6.072223
4.523569
-0.787532
1.296566
-0.286808
-3.007644
1.357170
0.364287
2.297568
-1.752208
3.405721
1.967942
4.924920
2.534983
5.709475
1.911958
2.995898
5.430813
0.267960
1.903761
-2.663826
4.985271
-1.637115
3.585867
2.579268
7.963030
-2.128401
-1.724584
4.645634
2.382929
-4.260731
-0.397170
1.733887
-1.363299
-3.170813
3.098549
3.729792
0.503574
2.103524
3.976093
9.952063
-1.985850
3.108114
0.824900
-1.388503
-2.599957
-0.144700
-1.011759
3.387675
4.584812
0.396531
3.482124
-0.034712
-3.690008
1.617131
-1.998936
-0.471196
4.727953
10.032646
0.124577
2.836829
6.770027
-0.999907
-1.653062
2.483180
3.148087
-3.391161
2.929668
-0.298550
-4.083768
3.034893
-3.325062
-0.776440
0.308451
-5.970190
-1.193818
-0.196801
2.411358
-3.167423
1.843387
5.140457
4.576239
0.172591
1.100268
-0.800778
-0.158381
-1.181821
-0.915965
5.991157
-1.842792
-3.154090
3.507532
-1.079807
1.969565
1.061460
4.689989
-2.705611
1.559777
-0.346896
7.467804
2.776525
-0.665043
-0.819139
2.991672
2.326595
6.056370
3.077624
1.159771
-1.338996
-1.986146
1.853895
1.804358
-0.473257
1.209644
-3.184608
-0.990605
0.038581
1.453798
1.208271
5.618073
-0.295872
2.345710
-0.933036
0.752519
-1.795854
-4.824844
1.832238
-0.954376
-1.199742
0.918044
1.080179
0.388151
1.230209
-2.627853
-1.758138
3.754430
-1.402887
-2.872021
2.497489
3.829921
2.045725
3.740483
2.071837
-1.366143
-0.279197
-6.626911
-2.956358
2.416898
1.791269
-1.877936
0.999063
1.309071
4.051911
0.708577
1.105675
0.544988
1.928153
-0.133186
-3.710132
-4.266830
-1.226393
0.786798
0.280148
0.434301
-5.381651
2.580556
4.114002
-2.131022
4.177693
2.418468
0.170918
3.975939
1.968241
2.436563
-0.609261
0.193892
4.450991
3.830878
1.426786
1.061459
-1.402648
-3.494879
3.026746
-0.677981
-5.029757
2.925999
-3.309933
4.581635
2.055712
0.846467
3.703770
2.886250
1.608177
1.390240
6.598518
1.084124
-1.642423
-1.885003
0.737884
-4.623487
3.782259
1.709748
-1.341712
-0.906830
2.754273
1.334926
-2.155847
-3.060611
0.868957
2.719266
3.171959
6.146083
-0.469941
-2.835970
-0.020449
0.999248
0.572055
4.286767
1.902380
1.819831
0.882124
-3.433920
3.505990
0.723462
-1.715012
-2.666342
-4.861557
-1.066184
-4.299603
3.380422
-0.057616
-3.782384
2.910326
0.275383
-0.305006
0.648885
0.966147
1.819690
2.416739
7.402342
4.842588
-1.293833
1.608416
7.188701
-1.664515
0.791907
-1.309282
4.204168
-4.016950
-1.903736
5.800194
-2.881222
1.500967
1.172673
-1.850348
1.970902
-0.989941
0.350849
1.039493
-4.000240
1.506027
5.181260
6.536753
-0.753714
1.538692
3.294767
1.472928
0.536250
-1.834252
-1.438138
11.051880
1.728587
3.497999
1.539126
-5.802782
-4.813735
5.696978
-3.170730
-0.060445
-3.861073
-1.868046
-2.499173
3.891877
-1.549541
1.054396
1.391245
-4.816675
2.934379
1.330459
3.782030
1.984074
-2.089903
-1.282541
0.791548
-0.560844
-1.599461
3.142972
-2.771134
3.455420
1.205148
0.451860
-0.536631
-1.409631
-2.844672
5.231635
-3.820862
1.920917
2.923066
-0.037855
1.630826
-1.993209
2.745209
1.948764
4.037520
-0.062305
-0.348121
0.113979
4.633510
0.393329
5.288095
-1.096702
-1.796417
6.031095
3.006521
-2.000809
5.061090
2.218907
-0.333043
-0.682983
5.069570
2.946119
0.380671
-1.767053
-1.757144
3.053587
2.960474
3.308643
2.423029
0.615137
-3.652345
4.800204
0.298010
2.521881
1.473305
0.183698
0.124771
1.063720
-0.564506
-3.615907
-0.591816
4.582792
1.694738
0.386179
3.698821
4.905551
-0.951815
2.904061
-0.433647
2.379143
2.008668
-1.059898
6.403197
2.165929
2.444977
5.078472
-0.474632
-4.925255
-0.365060
-0.339573
2.266612
-0.132063
-0.187903
4.345464
-1.056939
0.072590
-0.358041
-4.801606
-2.654865
0.439871
0.759047
-2.230047
-0.778755
-2.662287
1.562047
1.289714
2.955040
5.129926
3.518221
3.568224
0.248394
1.819573
-1.255215
-0.294690
0.324588
-4.224299
0.849243
-1.213937
3.333513
-2.117318
5.452709
-2.374261
1.929100
-4.718794
1.776402
2.839880
4.749512
0.985182
3.464499
3.940771
3.357411
6.507246
-1.286461
2.642194
2.742913
-6.562825
0.713733
0.335821
4.824741
5.688768
1.015721
-0.509066
-1.136619
4.919200
-1.920979
0.826419
0.330788
1.048709
0.821933
1.607103
2.657167
-1.888744
0.040018
6.414668
-3.667769
0.019046
0.366163
-0.361299
-1.359128
4.400010
4.022941
-2.577693
0.168452
3.100921
3.415450
0.001848
0.291126
1.642075
-3.363432
-2.232655
2.444471
5.337251
0.464509
3.669817
0.602787
5.611143
2.080018
3.557471
2.179636
2.853791
-7.981956
-0.198640
6.727618
-1.566192
-0.941013
3.720879
5.351345
1.144866
2.170618
-2.187832
2.546166
1.319315
8.929229
1.753590
-0.004288
0.359102
-5.420347
0.606163
2.741002
-0.548002
6.220392
2.917936
-1.705095
-3.475080
2.089778
3.960657
3.055773
1.374706
4.096953
0.971265
0.909616
-1.634921
0.952742
-1.366553
5.968928
3.937985
2.730440
-3.346256
-2.058632
-2.340930
2.066939
-3.467277
4.378049
-1.514852
3.420434
2.518324
0.956275
3.690575
2.099471
0.499357
1.192141
2.679484
3.884609
6.168861
2.428966
4.992930
2.039857
3.000521
1.350363
3.545963
2.659556
1.401956
1.406269
2.945655
5.228773
-1.872182
2.851394
3.099438
-0.764812
2.837968
-1.382207
-1.259808
-2.231525
3.354321
-0.510735
2.797508
