-0.470806
1.348606
2.475399
5.596907
5.251180
5.397586
5.800911
5.625515
5.350278
6.100564
6.014973
4.654481
4.258908
4.436372
4.382042
1.214836
2.677317
0.252204
-1.883485
-2.228278
-0.203818
-2.648677
-2.339916
-2.416915
-1.107651
-1.820676
-1.302551
0.280307
0.497857
-0.577685
0.442088
4.996301
3.494444
2.973510
2.227256
4.242900
4.608798
5.156736
5.733089
4.541757
4.827171
5.979706
4.497620
4.633396
3.988911
4.597531
0.419145
1.864188
2.263522
4.508900
5.332950
3.779284
5.735068
4.845136
5.672523
5.927258
4.224127
4.758282
4.449330
5.606516
2.912350
3.294717
5.041467
3.788389
4.302372
4.834501
6.697074
4.541914
5.771868
5.405999
1.939088
0.109742
-1.655985
0.314210
0.259946
1.773588
1.712070
2.871920
5.005421
5.977183
8.869283
9.028765
6.048446
6.604887
5.567706
4.031982
2.660842
1.959885
0.230922
0.183161
2.294441
5.008364
5.433568
2.757685
3.489828
3.130405
4.910978
4.137280
2.977014
2.829291
0.481672
-0.249776
2.077778
2.023342
4.866284
6.418772
8.254263
11.956309
12.852839
11.931043
11.560481
8.519456
9.781374
10.891644
10.206211
9.987010
10.127612
10.078622
7.844184
7.228477
6.151028
5.371317
4.485475
3.694660
0.341433
-0.715013
0.795539
-1.007856
-0.492631
-1.123149
-2.099465
-1.912776
-3.528701
-3.092015
-5.851793
-9.070855
-8.661515
-8.748377
-5.679984
-6.401614
-6.925770
-5.459481
-5.065563
-5.231552
-3.744007
-2.441171
-3.456127
-2.754116
-5.397345
-4.696292
-3.375486
-4.309811
-5.384245
-3.273998
-1.251538
0.618390
-0.902394
-0.580720
-2.876553
-2.206891
0.628993
0.908523
1.414951
2.467455
1.556444
0.780252
0.351855
-1.256378
-0.788166
-0.569577
-0.426867
1.180950
2.050882
-0.415471
2.556208
3.214127
3.982101
4.605754
4.065103
3.235698
3.109788
3.390591
3.389924
2.208769
3.223478
2.092418
2.827085
3.365851
3.601981
2.093400
3.249934
3.185379
3.030074
1.784903
-0.793958
-4.010005
-3.745736
-1.418299
-0.863423
-0.293531
-1.158100
-1.122375
-2.340738
-0.792367
-2.892110
-4.535106
-5.435946
-7.889555
-9.119610
-9.184273
-11.064355
-11.670363
-11.206805
-6.827178
-6.818350
-3.330135
-2.227282
-4.269197
-4.233654
-3.941061
-5.018199
-7.655600
-7.338715
-8.134424
-7.129632
-3.698885
-3.733863
-2.235018
-2.028543
-1.630758
1.302718
0.978036
2.991857
0.284825
1.356255
0.159530
-0.906487
0.054374
0.387435
-0.509676
-0.014497
3.046874
4.022261
5.108507
2.968543
1.399917
1.076621
-0.059898
2.415757
4.668742
1.313151
3.014521
1.815309
2.381145
-0.533310
1.189774
-0.507097
-2.851674
-3.574357
-2.322511
-2.092145
-5.227696
-6.428131
-7.414224
-5.636216
-4.527682
-2.856130
1.507106
1.683884
-0.489237
0.150799
-2.390924
-2.557709
-2.163914
0.004017
-0.864625
1.771538
0.489326
1.051129
0.128526
0.249998
0.701943
-0.097067
-0.318952
0.029058
-0.880686
-1.848409
-2.759524
-2.505851
-3.988939
-4.072588
-2.916471
-3.600401
-5.721966
-3.155555
-2.883837
-5.301821
-4.211671
-3.723023
-1.248231
-1.449331
1.832043
4.281323
4.714305
6.202326
6.710881
7.008179
6.095153
3.420468
5.366913
4.829265
4.743574
3.995729
4.876511
2.920823
0.770393
1.148310
0.898054
2.196381
-0.577823
-1.189293
-3.114921
-5.090969
-4.189732
-6.273407
-7.094069
-8.875452
-10.152468
-9.907646
-9.673889
-7.430638
-6.751011
-6.737544
-5.656277
-6.727835
-5.348298
-4.451748
-1.828392
-4.405087
-3.602540
-1.602147
-0.206947
2.101105
2.541226
2.731120
1.835612
2.024196
1.266767
0.475852
0.173764
-0.849157
-0.521577
2.017536
1.611932
2.594004
1.797847
0.849695
-1.146419
1.227312
1.663070
0.983451
-1.327453
-0.812501
-2.274367
-1.201524
0.902221
2.528625
5.530814
5.552906
5.264738
3.427301
3.414157
3.310351
3.063834
2.952221
5.099101
6.444962
7.303052
6.907616
6.328530
7.233665
5.764383
5.101780
4.052108
3.419438
1.547217
1.435211
1.142345
1.376685
2.949156
4.432144
5.896313
4.604283
4.889978
2.788280
1.042897
-1.932741
-2.057312
-4.561056
-6.139883
-6.721652
-5.349496
-7.867769
-7.691114
-8.074261
-5.983905
-6.175257
-8.744629
-7.195192
-7.424404
-8.425900
-9.669807
-10.625143
-10.643415
-10.115574
-8.904585
-6.936049
-6.210805
-5.435063
-3.721384
-4.395992
-4.214764
-3.000023
-1.498840
0.605165
1.082564
-0.249970
0.630296
0.289715
-0.950082
-0.300941
-1.142645
1.362330
1.451388
0.795111
1.515709
2.065099
1.448704
1.876059
1.925430
0.834489
0.482594
-1.848516
-2.936334
-4.542062
-5.481196
-6.454668
-6.035364
-5.842136
-4.785038
-3.986021
-3.778608
-6.440454
-6.600746
-5.105488
-8.146118
-7.854375
-9.666763
-8.563529
-7.111356
-3.640209
-4.308735
0.674397
1.920401
0.861324
0.534847
1.183680
-0.220577
-1.347752
-3.168886
-3.701091
-3.767614
-4.145882
-3.277483
-3.078192
-1.540569
-1.838236
-0.355357
-1.306402
-2.435793
-4.643897
-3.660657
-5.078112
-6.265471
-5.283904
-4.680472
-2.454408
-1.702548
-2.388458
-1.430327
-1.962499
-3.395156
-0.674752
-2.108388
-0.662702
-1.297424
1.232348
1.488870
2.727851
1.518296
2.142516
1.999557
1.382737
1.806012
2.502004
2.384760
2.016097
1.872081
2.780660
2.102024
2.522089
6.050702
4.624969
4.425580
2.063384
2.205369
-0.616761
-0.622805
-1.242838
-1.559366
-1.636814
-2.038113
-1.379147
-1.020453
-0.766435
-0.362471
-0.876211
1.226329
3.741595
3.997544
5.015721
2.756507
2.770298
3.787226
4.537989
4.880099
5.581355
3.173916
2.815410
3.509391
3.357685
5.031348
3.796387
2.349870
1.960864
0.391279
-0.536575
-1.242858
-3.375995
-2.213781
-3.551915
-3.137823
-2.544851
-4.121584
-3.939941
-4.454834
-2.811668
-1.200812
-0.359403
-0.607021
-0.907732
-1.670036
-2.261750
-2.783584
-3.342125
-3.120102
-0.973933
-1.288077
-1.541033
-2.795431
-1.144169
-1.758907
0.091947
1.725625
2.223013
2.041747
0.863859
0.361331
-0.476046
0.592902
0.379701
0.992553
1.683202
4.938906
4.537318
5.824515
3.691680
3.646466
4.703853
5.508897
3.828814
3.763121
0.380610
-0.938115
-2.155321
-0.890170
-2.414753
-0.333593
0.923605
-1.388097
-1.017887
-0.916298
-1.627328
-2.813895
-1.625859
-2.148206
-0.365237
-1.446643
-0.640060
0.009565
0.184105
1.254008
1.743932
2.569032
2.590051
4.104257
3.870852
5.237851
2.925597
4.051343
5.349634
5.401010
6.237137
5.045429
2.591099
2.033287
-2.081016
-1.322944
-4.688702
-4.603301
-4.712204
-4.420779
-6.423687
-7.398214
-8.151598
-10.482768
-7.627052
-9.276634
-6.916831
-6.313692
-6.691531
-7.055411
-8.333314
-8.036691
-3.975102
-3.369509
-0.036776
0.293880
2.039490
1.898330
3.308372
4.407979
6.904924
7.470679
9.584385
10.624326
7.715779
6.463804
5.629903
4.092729
3.752712
4.183746
5.912833
4.246015
4.908073
4.200699
4.278529
3.953865
4.077184
2.373455
0.926161
-2.126033
-3.764260
-3.697004
-4.842030
-6.981864
-6.654407
-7.197087
-9.616397
-7.469927
-7.532380
-8.517968
-9.300883
-8.019123
-10.960247
-9.725455
-10.042542
-8.860632
-7.359371
-7.362008
-6.055259
-5.072178
-2.580809
-2.153852
-2.023391
0.372140
0.610007
1.652077
5.355453
3.800382
2.560198
3.763695
3.296633
4.690148
5.369049
3.525552
3.715826
4.554111
4.222114
4.668444
2.655960
3.695695
1.987766
1.150731
0.609036
0.863863
0.939114
0.251805
-2.391568
-0.910347
1.707766
1.962806
4.836277
5.706432
5.262497
7.072536
6.169018
4.708075
2.999399
4.331528
5.116132
5.223878
7.813863
7.029315
7.574964
7.427466
8.453604
8.885922
11.011710
10.698436
8.785434
7.533103
6.621494
5.077405
4.752839
5.330497
7.006415
7.132910
7.494596
6.493865
8.483106
7.407449
6.918056
8.420375
8.568727
8.646004
7.855833
7.781299
7.896686
6.108339
5.839928
5.871074
5.928562
5.387115
5.396928
4.302108
3.548649
1.418220
2.357265
2.093829
1.720641
0.409401
-1.250791
-2.942453
-1.807593
-2.732428
-4.483190
-4.560122
-5.550164
-4.694253
-5.071324
-5.229256
-6.252944
-6.698775
-6.895335
-6.491377
-7.964866
-6.748168
-6.777725
-5.368607
-7.722389
-7.120354
-7.925868
-5.781995
-5.849708
-5.843489
-2.965286
-1.759986
-1.380209
-0.478119
0.461457
1.630219
1.033630
1.036802
0.945812
2.368301
3.654988
4.806095
5.772399
4.657804
7.899911
9.048911
9.432902
8.408899
7.812006
8.148631
7.942589
7.006985
7.436910
7.601707
6.679966
6.511115
7.060925
6.871210
5.625546
3.115371
3.869072
3.015348
2.603104
3.408152
1.463672
1.650423
2.536166
3.295284
2.252502
2.461716
2.570695
2.147395
1.351071
1.229780
-0.299082
0.649481
1.278196
2.692407
2.341434
3.612715
2.893911
2.288792
2.209036
3.394618
1.781322
1.260573
2.081391
0.934617
2.101281
2.106023
0.279425
-0.660004
-0.411039
-1.088489
-0.507077
-3.141785
-2.742104
-1.388424
0.472863
-2.292208
-2.647122
-3.118126
-3.743016
-4.734093
-3.338129
-4.400974
-4.740848
-4.178530
-5.604230
-7.093688
-7.016083
-6.793542
-7.296010
-7.238677
-7.337048
-5.149412
-7.102131
-8.648900
-9.390788
-8.067302
-8.681674
-8.276118
-9.579354
-11.858260
-12.383276
-12.090906
-11.614660
-13.868370
-11.563690
-11.733500
-10.617772
-9.022063
-7.505305
-7.681521
-4.017917
-6.334947
-5.273149
-6.364444
-7.452359
-6.816020
-4.495084
-5.401964
-4.020321
-2.949343
-1.153467
-0.273868
-2.330771
0.202521
-0.872662
-0.584848
-0.828875
-1.494582
-2.875831
-2.032634
-3.028985
-0.313434
-1.278215
0.302034
2.870862
2.921723
1.666354
2.569274
3.058566
2.111344
0.410565
1.202923
3.297152
4.078685
4.216815
4.546492
4.708961
4.359573
5.869691
5.284456
3.487321
0.470897
1.862050
1.332590
2.586187
2.278935
2.330613
2.315000
0.112488
-0.217918
-0.518634
-2.218602
-2.010509
-2.780015
-4.238621
-3.498102
-4.364240
-4.676615
-5.635038
-5.780908
-6.036737
-3.086237
-3.147851
-4.047069
-5.054841
-4.693435
-1.965455
-0.151532
0.129604
2.622561
4.480388
4.913336
2.902440
4.915354
7.004251
5.200112
5.780940
6.422798
5.814175
6.157452
8.111407
7.165833
7.472386
7.442502
8.384101
8.029245
7.119974
6.683145
8.105980
5.786143
3.258207
2.456259
3.684002
2.492504
1.242841
2.822734
1.217137
0.749078
1.369277
1.512190
0.393277
0.019607
-0.526743
2.123364
1.250057
0.915338
-0.100632
1.278100
0.447827
1.099120
4.321262
2.356593
2.654180
1.844604
1.877989
0.011498
1.749809
2.029032
1.963006
1.389656
0.685447
4.030805
3.649343
3.188978
