1.327534
-0.661393
-0.913382
-2.334504
0.092716
0.124983
1.082004
-1.303567
0.441442
-0.353402
-0.256817
0.056896
0.976855
0.257293
0.191534
1.250798
-1.571527
0.536793
1.667792
0.655137
-0.410456
1.158018
0.213412
0.787003
-0.253011
0.271390
1.485329
-1.478964
0.166206
0.396885
-0.342408
-1.303597
0.581282
0.434757
0.137204
-1.916409
-0.109045
-1.888320
-0.467898
0.310344
1.614004
-1.286841
0.522173
0.710005
1.056253
-0.441635
2.003454
0.103894
0.383756
-0.678658
0.677366
3.250616
-0.920574
-0.086177
-0.609049
0.099234
0.256853
-1.340382
0.108456
-0.880988
1.899419
-0.134307
-0.959914
0.845781
0.411767
0.166986
-2.174932
1.548937
0.783089
1.566720
1.501416
1.696951
1.035209
-0.976109
0.218338
0.353969
-1.446278
-0.806226
-0.200497
0.276197
-0.794747
0.248060
0.786837
-0.407297
0.925750
0.699115
-0.312360
-0.606223
2.013043
1.200851
-1.965496
-0.132395
-0.730518
0.994086
0.164074
1.867611
-1.507795
0.353623
1.933004
1.247960
2.097353
0.407541
-2.193482
0.149145
-0.111432
-0.836609
-1.683500
-1.307179
0.284081
1.153089
0.145785
2.581528
-0.305314
-1.681797
0.896217
1.508188
0.272778
-0.420075
0.772737
1.100237
-0.250267
-0.323906
0.134071
0.094709
2.731510
0.715879
0.151991
2.394868
