4.982602
-0.984180
-1.740146
-6.003512
1.278147
1.374950
4.246012
-2.910700
2.324326
-0.060205
0.229549
1.170688
3.930564
1.771879
1.574601
4.752394
-3.714580
2.610379
6.003376
2.965410
-0.231369
4.474053
1.640236
3.361010
0.240966
1.814170
5.455987
-3.436892
1.498618
2.190654
-0.027223
-2.910790
2.743845
2.304272
1.411612
-4.749227
0.672865
-4.664959
-0.403693
1.931031
5.842010
-2.860523
2.566518
3.130014
4.168758
-0.324906
7.010363
1.311681
2.151267
-1.035974
3.032097
10.751847
-1.761722
0.741469
-0.827148
1.297702
1.770559
-3.021144
1.325367
-1.642965
6.698257
0.597080
-1.879741
3.537343
2.235301
1.500957
-5.524797
5.646812
3.349266
5.700161
5.504248
6.090852
4.105627
-1.928327
1.655015
2.061907
-3.338834
-1.418679
0.398510
1.828592
-1.384242
1.744179
3.360510
-0.221892
3.777250
3.097345
0.062921
-0.818668
7.039129
4.602553
-4.896488
0.602814
-1.191553
3.982258
1.492222
6.602834
-3.523386
2.060869
6.799013
4.743880
7.292058
2.222624
-5.580447
1.447434
0.665704
-1.509827
-4.050500
-2.921538
1.852243
4.459267
1.437354
8.744585
0.084059
-4.045391
3.688650
5.524564
1.818334
-0.260224
3.318212
4.300712
0.249200
0.028281
1.402213
1.284128
9.194530
3.147637
1.455973
8.184603
