-0.470806
1.348606
2.475399
5.596907
5.251180
5.397586
5.800911
5.625515
5.350278
6.100564
6.014973
4.654481
4.258908
4.436372
4.382042
1.214836
2.677317
0.252204
-1.883485
-2.228278
-0.203818
-2.648677
-2.339916
-2.416915
-1.107651
-1.820676
-1.302551
0.280307
0.497857
-0.577685
0.442088
4.996301
3.494444
2.973510
2.227256
4.242900
4.608798
5.156736
5.733089
4.541757
4.827171
5.979706
4.497620
4.633396
3.988911
4.597531
0.419145
1.864188
2.263522
4.508900
5.332950
3.779284
5.735068
4.845136
5.672523
5.927258
4.224127
4.758282
4.449330
5.606516
2.912350
3.294717
5.041467
3.788389
4.302372
4.834501
6.697074
4.541914
5.771868
5.405999
1.939088
0.109742
-1.655985
0.314210
0.259946
1.773588
1.712070
2.871920
5.005421
5.977183
8.869283
9.028765
6.048446
6.604887
5.567706
4.031982
2.660842
1.959885
0.230922
0.183161
2.294441
5.008364
5.433568
2.757685
3.489828
3.130405
4.910978
4.137280
2.977014
2.829291
0.481672
-0.249776
2.077778
2.023342
4.866284
6.418772
8.254263
11.956309
12.852839
11.931043
11.560481
8.519456
9.781374
10.891644
10.206211
9.987010
10.127612
10.078622
7.844184
7.228477
6.151028
5.371317
4.485475
3.694660
0.341433
-0.715013
0.795539
-1.007856
-0.492631
-1.123149
-2.099465
-1.912776
-3.528701
-3.092015
-5.851793
-9.070855
-8.661515
-8.748377
-5.679984
-6.401614
-6.925770
-5.459481
-5.065563
-5.231552
-3.744007
-2.441171
-3.456127
-2.754116
-5.397345
-4.696292
-3.375486
-4.309811
-5.384245
-3.273998
-1.251538
0.618390
-0.902394
-0.580720
-2.876553
-2.206891
0.628993
0.908523
1.414951
2.467455
1.556444
0.780252
0.351855
-1.256378
-0.788166
-0.569577
-0.426867
1.180950
2.050882
-0.415471
2.556208
3.214127
3.982101
4.605754
4.065103
3.235698
3.109788
3.390591
3.389924
2.208769
3.223478
2.092418
2.827085
3.365851
3.601981
2.093400
3.249934
3.185379
3.030074
1.784903
-0.793958
-4.010005
-3.745736
-1.418299
-0.863423
-0.293531
-1.158100
-1.122375
-2.340738
-0.792367
-2.892110
-4.535106
-5.435946
-7.889555
-9.119610
-9.184273
-11.064355
-11.670363
-11.206805
-6.827178
-6.818350
-3.330135
-2.227282
-4.269197
-4.233654
-3.941061
-5.018199
-7.655600
-7.338715
-8.134424
-7.129632
-3.698885
-3.733863
-2.235018
-2.028543
-1.630758
1.302718
0.978036
2.991857
0.284825
1.356255
0.159530
-0.906487
0.054374
0.387435
-0.509676
-0.014497
3.046874
4.022261
5.108507
2.968543
1.399917
1.076621
-0.059898
2.415757
4.668742
1.313151
3.014521
1.815309
2.381145
-0.533310
1.189774
-0.507097
-2.851674
-3.574357
-2.322511
-2.092145
-5.227696
-6.428131
-7.414224
-5.636216
-4.527682
-2.856130
1.507106
1.683884
-0.489237
0.150799
-2.390924
-2.557709
-2.163914
0.004017
-0.864625
1.771538
0.489326
1.051129
0.128526
0.249998
0.701943
-0.097067
-0.318952
0.029058
-0.880686
-1.848409
-2.759524
-2.505851
-3.988939
-4.072588
-2.916471
-3.600401
-5.721966
-3.155555
-2.883837
-5.301821
-4.211671
-3.723023
-1.248231
-1.449331
1.832043
4.281323
4.714305
6.202326
6.710881
7.008179
6.095153
3.420468
5.366913
4.829265
4.743574
3.995729
4.876511
2.920823
0.770393
1.148310
0.898054
2.196381
-0.577823
-1.189293
-3.114921
-5.090969
-4.189732
-6.273407
-7.094069
-8.875452
-10.152468
-9.907646
-9.673889
-7.430638
-6.751011
-6.737544
-5.656277
-6.727835
-5.348298
-4.451748
-1.828392
-4.405087
-3.602540
-1.602147
-0.206947
2.101105
2.541226
2.731120
1.835612
2.024196
1.266767
0.475852
0.173764
-0.849157
-0.521577
2.017536
1.611932
2.594004
1.797847
0.849695
-1.146419
1.227312
1.663070
0.983451
-1.327453
-0.812501
-2.274367
-1.201524
0.902221
2.528625
5.530814
5.552906
5.264738
3.427301
3.414157
3.310351
3.063834
2.952221
5.099101
6.444962
7.303052
6.907616
6.328530
7.233665
5.764383
5.101780
4.052108
3.419438
1.547217
1.435211
1.142345
1.376685
2.949156
4.432144
5.896313
4.604283
4.889978
2.788280
1.042897
-1.932741
-2.057312
-4.561056
-6.139883
-6.721652
-5.349496
-7.867769
-7.691114
-8.074261
-5.983905
-6.175257
-8.744629
-7.195192
-7.424404
-8.425900
-9.669807
-10.625143
-10.643415
-10.115574
-8.904585
-6.936049
-6.210805
-5.435063
-3.721384
-4.395992
-4.214764
-3.000023
-1.498840
0.605165
1.082564
-0.249970
0.630296
0.289715
-0.950082
-0.300941
-1.142645
1.362330
1.451388
0.795111
1.515709
2.065099
1.448704
1.876059
1.925430
0.834489
0.482594
-1.848516
-2.936334
-4.542062
-5.481196
-6.454668
-6.035364
-5.842136
-4.785038
-3.986021
-3.778608
-6.440454
-6.600746
-5.105488
-8.146118
-7.854375
-9.666763
-8.563529
-7.111356
-3.640209
-4.308735
0.674397
1.920401
0.861324
0.534847
1.183680
-0.220577
-1.347752
-3.168886
-3.701091
-3.767614
-4.145882
-3.277483
-3.078192
-1.540569
-1.838236
-0.355357
-1.306402
-2.435793
-4.643897
-3.660657
-5.078112
-6.265471
-5.283904
-4.680472
-2.454408
-1.702548
-2.388458
-1.430327
-1.962499
-3.395156
-0.674752
-2.108388
-0.662702
-1.297424
1.232348
1.488870
2.727851
1.518296
2.142516
1.999557
1.382737
1.806012
2.502004
2.384760
2.016097
1.872081
2.780660
2.102024
2.522089
6.050702
4.624969
4.425580
2.063384
2.205369
-0.616761
-0.622805
-1.242838
-1.559366
-1.636814
-2.038113
-1.379147
-1.020453
-0.766435
-0.362471
-0.876211
1.226329
3.741595
3.997544
5.015721
2.756507
2.770298
3.787226
4.537989
4.880099
5.581355
3.173916
2.815410
3.509391
3.357685
5.031348
3.796387
2.349870
1.960864
0.391279
-0.536575
-1.242858
-3.375995
-2.213781
-3.551915
-3.137823
-2.544851
-4.121584
-3.939941
-4.454834
-2.811668
-1.200812
-0.359403
-0.607021
-0.907732
-1.670036
-2.261750
-2.783584
-3.342125
-3.120102
-0.973933
-1.288077
-1.541033
-2.795431
-1.144169
-1.758907
0.091947
1.725625
2.223013
2.041747
0.863859
0.361331
-0.476046
0.592902
0.379701
0.992553
1.683202
4.938906
4.537318
5.824515
3.691680
3.646466
4.703853
5.508897
3.828814
3.763121
0.380610
-0.938115
-2.155321
-0.890170
-2.414753
-0.333593
0.923605
-1.388097
-1.017887
-0.916298
-1.627328
-2.813895
-1.625859
-2.148206
-0.365237
-1.446643
-0.640060
0.009565
0.184105
1.254008
1.743932
2.569032
2.590051
4.104257
3.870852
5.237851
2.925597
4.051343
5.349634
5.401010
6.237137
5.045429
2.591099
2.033287
-2.081016
-1.322944
-4.688702
-4.603301
-4.712204
-4.420779
-6.423687
-7.398214
-8.151598
-10.482768
-7.627052
-9.276634
-6.916831
-6.313692
-6.691531
-7.055411
-8.333314
-8.036691
-3.975102
-3.369509
-0.036776
0.293880
2.039490
1.898330
3.308372
4.407979
6.904924
7.470679
9.584385
10.624326
7.715779
6.463804
5.629903
4.092729
3.752712
4.183746
5.912833
4.246015
4.908073
4.200699
4.278529
3.953865
4.077184
2.373455
0.926161
-2.126033
-3.764260
-3.697004
-4.842030
-6.981864
-6.654407
-7.197087
-9.616397
-7.469927
-7.532380
-8.517968
-9.300883
-8.019123
-10.960247
-9.725455
-10.042542
-8.860632
-7.359371
-7.362008
-6.055259
-5.072178
-2.580809
-2.153852
-2.023391
0.372140
0.610007
1.652077
5.355453
3.800382
2.560198
3.763695
3.296633
4.690148
5.369049
3.525552
3.715826
4.554111
4.222114
4.668444
2.655960
3.695695
1.987766
1.150731
0.609036
0.863863
0.939114
0.251805
-2.391568
-0.910347
1.707766
1.962806
4.836277
5.706432
5.262497
7.072536
6.169018
4.708075
2.999399
4.331528
5.116132
5.223878
7.813863
7.029315
7.574964
7.427466
8.453604
8.885922
11.011710
10.698436
8.785434
7.533103
6.621494
5.077405
4.752839
5.330497
7.006415
7.132910
7.494596
6.493865
8.483106
7.407449
6.918056
8.420375
8.568727
8.646004
7.855833
7.781299
7.896686
6.108339
5.839928
5.871074
5.928562
5.387115
5.396928
4.302108
3.548649
1.418220
2.357265
2.093829
1.720641
0.409401
-1.250791
-2.942453
-1.807593
-2.732428
-4.483190
-4.560122
-5.550164
-4.694253
-5.071324
-5.229256
-6.252944
-6.698775
-6.895335
-6.491377
-7.964866
-6.748168
-6.777725
-5.368607
-7.722389
-7.120354
-7.925868
-5.781995
-5.849708
-5.843489
-2.965286
-1.759986
-1.380209
-0.478119
0.461457
1.630219
1.033630
1.036802
0.945812
2.368301
3.654988
4.806095
5.772399
4.657804
7.899911
9.048911
9.432902
8.408899
7.812006
8.148631
7.942589
7.006985
7.436910
7.601707
6.679966
6.511115
7.060925
6.871210
5.625546
3.115371
3.869072
3.015348
2.603104
3.408152
1.463672
1.650423
2.536166
3.295284
2.252502
2.461716
2.570695
2.147395
1.351071
1.229780
-0.299082
0.649481
1.278196
2.692407
2.341434
3.612715
2.893911
2.288792
2.209036
3.394618
1.781322
1.260573
2.081391
0.934617
2.101281
2.106023
0.279425
-0.660004
-0.411039
-1.088489
-0.507077
-3.141785
-2.742104
-1.388424
0.472863
-2.292208
-2.647122
-3.118126
-3.743016
-4.734093
-3.338129
-4.400974
-4.740848
-4.178530
-5.604230
-7.093688
-7.016083
-6.793542
-7.296010
-7.238677
-7.337048
-5.149412
-7.102131
-8.648900
-9.390788
-8.067302
-8.681674
-8.276118
-9.579354
-11.858260
-12.383276
-12.090906
-11.614660
-13.868370
-11.563690
-11.733500
-10.617772
-9.022063
-7.505305
-7.681521
-4.017917
-6.334947
-5.273149
-6.364444
-7.452359
-6.816020
-4.495084
-5.401964
-4.020321
-2.949343
-1.153467
-0.273868
-2.330771
0.202521
-0.872662
-0.584848
-0.828875
-1.494582
-2.875831
-2.032634
-3.028985
-0.313434
-1.278215
0.302034
2.870862
2.921723
1.666354
2.569274
3.058566
2.111344
0.410565
1.202923
3.297152
4.078685
4.216815
4.546492
4.708961
4.359573
5.869691
5.284456
3.487321
0.470897
1.862050
1.332590
2.586187
2.278935
2.330613
2.315000
0.112488
-0.217918
-0.518634
-2.218602
-2.010509
-2.780015
-4.238621
-3.498102
-4.364240
-4.676615
-5.635038
-5.780908
-6.036737
-3.086237
-3.147851
-4.047069
-5.054841
-4.693435
-1.965455
-0.151532
0.129604
2.622561
4.480388
4.913336
2.902440
4.915354
7.004251
5.200112
5.780940
6.422798
5.814175
6.157452
8.111407
7.165833
7.472386
7.442502
8.384101
8.029245
7.119974
6.683145
8.105980
5.786143
3.258207
2.456259
3.684002
2.492504
1.242841
2.822734
1.217137
0.749078
1.369277
1.512190
0.393277
0.019607
-0.526743
2.123364
1.250057
0.915338
-0.100632
1.278100
0.447827
1.099120
4.321262
2.356593
2.654180
1.844604
1.877989
0.011498
1.749809
2.029032
1.963006
1.389656
0.685447
4.030805
3.649343
3.188978
2.746110
3.755219
4.021230
-0.451297
0.585022
1.292837
-0.110424
2.080923
2.536013
2.857430
4.091111
6.692268
7.314780
8.138975
6.741801
9.153280
9.679256
6.922145
6.949267
6.327052
6.224000
6.624967
5.605224
7.581346
6.197936
5.373541
3.662997
4.878353
3.450497
3.176875
0.291727
-1.067691
-1.626280
-4.194958
-3.661938
-6.052316
-7.115899
-9.020288
-8.839046
-10.762223
-11.049241
-12.761021
-14.382956
-13.241208
-14.744053
-14.369917
-12.721247
-13.080557
-12.401744
-11.938001
-10.965956
-10.765363
-12.865833
-11.515300
-10.049994
-9.278237
-8.458202
-7.307849
-8.037945
-6.331730
-5.482660
-5.087190
-3.598014
-5.126841
-1.660656
0.387576
0.233758
-0.661049
-0.923766
-0.345893
-0.086389
-1.302821
1.454308
2.856447
2.065406
3.306691
2.465353
4.000437
5.789148
6.077676
6.004611
7.036356
6.145563
5.402189
4.181364
3.238774
3.123958
4.278469
4.130992
1.311170
3.452255
6.093183
4.410727
3.909429
3.865775
2.223755
4.851933
3.074957
2.397882
1.941723
1.718874
0.463919
0.592091
1.577733
1.889195
1.669546
-0.008409
-1.010197
-2.488823
-0.187037
-0.945168
-1.809274
-0.191195
-0.014723
-0.940852
-1.678017
-2.898177
-3.414397
-3.519332
-5.531015
-6.240060
-6.412437
-5.722266
-4.966496
-5.570740
-5.057842
-1.853955
-0.218394
0.880150
-0.359514
-0.648966
-0.735101
-1.139016
-1.564729
0.114749
1.419680
0.498043
2.402351
2.986334
5.191500
6.575914
7.666027
7.955372
7.403318
8.220002
8.332602
5.795996
5.359291
7.438323
8.059636
7.715256
7.757507
8.142405
8.879905
9.955812
8.530650
8.798874
7.673103
7.044947
8.264301
7.898743
8.820440
8.315784
8.094297
9.741996
9.950404
10.619098
9.311092
7.805224
8.912503
8.709332
7.909973
6.624084
6.392940
4.586271
5.723281
7.069404
5.882684
5.844853
2.602013
0.262989
-0.559639
1.625466
3.248982
1.398211
0.668420
2.729030
3.119152
2.718927
1.665780
1.639243
1.141423
1.461756
1.664934
0.470261
0.161710
-0.537338
0.426062
-0.188669
2.123564
2.760427
5.023809
4.080565
1.678447
3.737346
3.700183
0.024976
-1.246383
-0.874338
-0.848772
-1.068309
0.895480
1.832978
3.546458
4.143433
4.322210
5.090903
5.048708
4.893998
5.846625
6.340994
3.318709
2.882729
3.446596
1.624833
1.351509
3.576072
5.723220
5.766854
5.963577
6.894702
6.428638
4.525458
2.764016
3.750321
3.125001
1.559374
4.153364
4.283578
2.415377
3.896506
5.956067
6.151048
6.072109
4.977606
6.242315
6.327467
5.743332
5.659262
4.876463
2.638775
1.979240
2.487792
3.335129
3.627382
4.482965
4.036957
2.037881
3.405349
3.929197
3.298795
0.793799
-0.890247
-0.376654
1.686352
2.416628
2.355560
4.086886
4.929351
4.345789
7.382579
5.035143
7.685999
6.471559
6.512994
5.272019
6.544825
6.354994
5.676119
4.686176
3.023236
4.928061
5.820395
5.150790
4.108704
2.309828
2.125555
-1.088805
-0.981632
-0.489922
-0.368476
0.784428
-2.828454
-2.822245
-3.095645
-2.024519
-0.997872
-1.467884
-1.303804
-0.874657
0.340491
0.039109
0.034167
1.382948
0.549385
0.953698
1.019090
2.962133
2.262596
2.537023
0.175557
1.792973
4.278005
4.361784
1.363032
1.787959
0.949939
0.001495
-2.080532
-1.957353
-2.160442
-4.474080
-3.591643
-3.589340
-2.640931
-2.992481
-4.303215
-4.168017
-3.230725
-2.963380
-3.151952
-3.316995
-3.879049
-2.778503
-0.815869
-2.156238
-1.531644
0.103180
2.137416
3.966676
4.910797
5.124459
3.851996
4.874254
4.548125
4.735572
4.445354
3.823862
3.144682
2.397166
2.250614
2.461672
1.727426
-0.130863
1.460570
3.784350
2.543595
1.448580
1.080295
-0.537272
0.269171
2.829066
3.974497
3.358737
4.497540
4.146470
3.641883
3.136759
3.529246
3.877016
5.124120
3.775870
4.570790
3.945490
2.428863
-1.159190
-0.368319
-0.335088
0.083604
-0.171595
-0.279910
-1.403952
-2.919118
-4.104183
-6.136633
-5.777165
-4.486957
-3.168894
-6.015409
-6.153440
-9.225692
-8.709398
-9.431625
-9.163574
-8.899055
-6.780785
-8.360784
-5.290498
-6.857312
-7.062171
-7.919956
-7.748474
-8.124496
-7.843917
-5.999269
-5.506086
-5.291384
-5.339315
-2.685416
-1.450902
2.535827
2.089750
3.045710
4.330781
3.923130
4.336864
5.443079
2.656392
4.326042
3.803478
2.200430
1.172113
3.498189
3.676399
2.648750
3.011115
3.015453
3.688014
2.944997
2.254661
0.833441
1.123385
0.469358
-1.023052
-0.593681
-1.844738
-1.324455
-1.431167
-2.433886
-1.936751
-1.534185
-1.994135
-3.480764
-4.894269
-5.205903
-6.981007
-6.468644
-5.503190
-5.326537
-3.167621
-4.365833
-5.324539
-5.634927
-5.017526
-5.091391
-4.441528
-4.654581
-4.205853
-5.129986
-2.975589
-1.129628
-0.671085
-0.778257
0.937188
0.740279
1.124523
-0.232580
-2.270532
-3.511063
-6.985421
-5.456765
-5.360700
-5.534793
-4.097715
-6.345668
-5.573541
-7.045887
-6.676806
-5.395541
-5.802818
-8.006652
-7.276378
-6.275130
-6.896477
-6.831443
-6.927437
-5.926266
-7.931394
-4.831117
-3.400857
-3.948888
-2.142809
-2.294049
-4.479171
-2.043566
-4.430927
-3.022345
-1.325905
-0.808985
-1.729039
-0.310207
-0.267647
-2.352888
-1.455915
-0.192532
0.782521
-0.831084
0.766496
-0.384336
0.717980
0.403878
-0.282659
0.263410
1.457796
0.943633
2.815675
3.111879
0.788076
-0.920035
-1.654916
-2.736738
-3.307661
-2.822538
-5.513875
-6.768048
-9.005800
-8.700905
-8.453382
-9.736371
-13.141498
-12.490257
-11.023355
-9.128124
-10.188878
-9.891852
-11.344622
-12.641239
-12.135550
-10.360859
-12.483086
-11.552654
-11.535522
-10.375647
-6.861172
-6.915454
-5.478237
-3.303095
-2.049528
-1.381770
1.185166
1.446212
3.464868
2.491554
4.819015
5.041183
4.353460
5.303676
6.296307
4.678037
7.962208
7.095337
7.841681
8.073515
4.316973
4.489451
4.539975
4.183031
2.472971
1.993827
2.123453
1.898708
-1.641538
-3.638269
-5.136397
-5.127501
-2.949827
-4.269173
-4.036248
-2.449612
-2.972233
-4.837516
-4.830635
-3.609489
1.462466
1.026250
1.928270
2.045075
1.147696
3.346778
1.528819
1.028512
2.001048
4.865643
3.883783
4.842620
5.913568
5.740656
5.269235
4.306889
4.446779
7.577329
8.150518
4.384738
1.917409
1.930854
-0.591164
-0.596226
1.032992
-0.707726
-0.804355
0.397303
1.310264
-0.619732
-0.490926
-1.862784
-2.012028
-0.937544
-3.608653
-3.637071
-4.582365
-5.840663
-5.937005
-3.070196
-3.253112
-2.418822
-0.928798
-2.703154
-1.061932
-1.931697
0.355808
-0.189356
-1.110640
-1.920435
-2.995015
-3.520070
-5.482893
-6.260657
-4.873003
-3.997084
-3.154217
-2.739138
-4.301496
-4.724667
-7.288302
-7.608021
-8.773299
-5.719273
-8.929337
-7.759133
-6.467569
-5.293663
-6.037433
-4.925492
-3.275435
-1.909733
-0.897367
-1.440032
-0.525097
-1.416015
0.409137
0.690526
1.973902
3.553832
4.959932
4.795016
5.955576
4.561589
5.611215
6.494321
5.031812
4.877731
6.085915
7.590278
9.407531
9.855383
9.020338
12.361107
11.295107
11.800136
9.879726
10.066404
11.697984
9.265974
9.240187
10.303616
9.759262
9.134809
7.430120
7.243758
6.624055
4.310068
4.257677
2.621247
1.141183
-0.593187
-0.267428
-1.399097
0.461798
0.823585
3.588909
1.200003
-1.876729
-0.282240
1.334632
2.616063
2.988971
3.404668
6.062178
7.134962
5.126544
6.296150
6.188376
7.938233
9.151479
9.651761
11.468389
9.435297
8.811869
8.730920
6.983005
7.526607
9.476367
8.546261
6.827354
5.792402
6.238753
4.904702
4.497766
1.802541
2.818739
1.113363
1.111948
-0.456408
-1.158867
-1.420232
-3.482630
-1.975563
-2.697031
-1.910080
-1.893331
-1.683399
-2.007074
-1.723411
-0.170434
-0.602211
-1.060146
-1.363737
-1.143346
-0.279748
-0.575604
3.820451
3.931069
4.301541
6.057064
7.045377
5.202518
4.921860
5.872837
6.085001
3.835142
4.866735
3.399982
2.349094
1.322381
0.863780
0.425249
2.573368
2.121722
0.708231
1.992210
-0.744156
-1.978923
-2.435689
-4.908626
-5.833151
-4.344533
-5.711614
-7.705105
-8.864117
-10.890455
-10.513830
-9.282801
-9.347309
-8.524054
-8.099170
-7.483973
-6.935208
-7.720273
-5.947767
-5.629591
-6.358222
-5.611443
-6.567506
-3.853997
-3.152866
-2.743464
-1.965973
-0.185225
-2.615607
0.648248
-0.223345
0.317920
0.756049
-0.303551
0.082147
1.525822
0.417032
-0.090708
0.146594
-1.867494
-1.778319
-2.745079
-1.044004
-3.013693
-2.283383
-1.151291
-2.026576
-4.029110
-1.374604
-1.725845
-0.800385
-1.417474
-2.302601
-3.493685
-3.478479
-4.174277
-4.118554
-3.146014
-4.414563
-3.571965
-1.439789
-0.354941
-2.555671
-4.496269
-4.760378
-4.615031
-4.256776
-1.471480
-2.251289
-2.127558
-3.786099
-2.843473
-2.949252
0.336230
-2.006490
-1.268116
-0.684916
-1.089452
-2.903476
-3.130764
-4.156689
-7.574579
-4.034094
-1.604484
-3.658759
-2.077101
-0.676296
-2.212325
-3.134220
-4.539714
-2.929275
-4.010566
-2.407283
-1.600686
-0.740944
-2.325503
-2.571029
-2.198824
1.196632
2.609838
2.423438
5.601058
4.595476
2.938751
4.462956
1.349867
2.482649
2.585200
4.493866
5.849739
5.989224
7.336302
7.130159
6.569141
7.570972
8.310833
7.337499
6.788889
4.610749
6.829165
6.937506
4.658464
1.104692
1.314698
2.447131
3.869979
1.708483
0.992611
0.984052
-0.680132
-0.118157
-2.499159
-1.547032
-3.355447
-4.129579
-4.449410
-3.076747
-2.600193
-1.924970
-2.134793
-2.799845
-1.667660
1.006909
0.710254
0.453259
1.580301
3.331647
4.209739
3.108996
5.112420
4.644783
5.143970
3.044327
3.017117
2.708520
2.518427
2.104283
2.456006
3.256238
0.506337
1.365056
1.558924
0.401455
2.215973
2.157159
-0.023383
1.566714
-0.262865
0.711740
0.769954
0.828558
0.040561
0.254900
3.210627
3.029809
3.100032
2.910425
2.325033
-0.126309
0.091776
-1.309727
-0.835750
0.932736
1.042843
-1.841944
-3.077179
-5.025436
-4.758906
-5.173853
-6.038409
-7.547517
-4.457562
-3.975714
-8.596936
-7.760415
-7.958642
-7.263067
-8.342983
-5.477566
-5.124432
-5.634134
-5.705081
-8.588482
-8.934487
-7.694874
-6.684924
-7.714179
-6.029017
-5.920820
-5.049648
-2.883067
-4.276524
-3.922674
-1.367094
-3.008907
-2.631265
-2.974568
-2.426018
-3.655445
-5.146331
-3.530560
-2.849237
-0.481776
-1.135993
-0.892245
-0.578325
1.391013
0.499927
0.449611
0.016955
-2.477836
-4.662103
-5.545463
-6.864259
-5.215683
-6.934505
-8.642207
-9.315268
-9.243388
-9.162560
-7.015808
-8.460382
-9.073537
-10.459661
-9.069750
-8.316127
-8.303482
-5.945644
-6.738988
-6.008085
-3.671588
-0.678530
-0.178076
1.797569
2.092358
2.108432
3.320768
4.078182
2.221616
3.014089
0.444138
1.227838
0.828337
2.127192
0.742019
-0.214980
-1.356851
-3.476775
-2.477629
-4.226491
-3.485666
-5.791078
-5.103440
-7.172056
-6.346763
-5.766095
-6.056109
-5.066865
-4.103574
-4.662388
-3.082047
-2.893578
-1.461675
-0.609692
-0.560312
-0.367075
-1.310819
-0.841453
-4.561362
-4.067164
-7.073324
-5.662511
-3.043904
-3.596136
-5.699641
-4.615170
-3.364238
-2.594887
-2.419319
-2.820409
-4.773434
-6.404785
-7.197259
-7.577819
-6.202379
-5.303675
-4.963730
-5.236729
-0.578753
1.512962
1.894438
1.306309
-1.557130
1.265616
4.568052
3.421824
2.716808
1.268967
2.098852
3.067733
4.191646
6.557298
6.142957
6.142230
4.588793
3.455961
3.652247
3.447843
2.770259
1.595375
2.464386
2.867932
3.189962
1.379497
-0.239165
0.615813
0.707242
1.030498
2.528347
4.153929
3.676184
3.656661
4.318798
3.445917
4.481634
4.165854
4.658940
5.266267
4.387419
3.732418
2.358612
2.483958
3.826276
5.119803
3.789145
2.545747
2.558898
2.361778
1.614211
0.538874
1.063585
0.613736
2.176713
3.178040
1.241303
1.572564
1.652593
2.052551
2.421923
2.429255
3.566044
1.710087
-0.776674
-2.873183
-2.586442
-0.453400
-2.816048
-1.529046
-0.418783
0.770204
2.596231
1.812706
-0.449227
-3.283208
-1.957363
-2.216002
-0.434019
-2.303898
-2.789295
-2.251773
-2.522843
0.101628
1.158296
2.905915
2.741235
2.893436
4.964439
4.404446
3.317212
0.876279
-2.374890
-1.287712
-1.002498
0.538993
-2.230801
-3.471794
-3.878815
-4.045646
-3.960668
-3.418237
-3.421161
-4.299063
-6.349399
-5.889048
-6.583335
-7.186142
-8.361332
-9.440256
-11.653051
-10.139795
-10.555549
-9.607353
-7.973615
-8.274696
-4.894384
-4.299505
-6.813958
-4.990859
-5.619795
-5.826064
-6.032019
-5.169444
-4.000727
-5.602360
-5.356005
-6.270080
-4.208795
-1.766587
-2.216061
-3.628526
-1.914515
-3.361737
-4.334946
-3.493154
-4.391895
-3.462324
-1.854025
-1.280630
0.507420
0.012452
1.476819
1.874218
3.532403
3.233445
4.782118
5.521458
3.570869
0.655303
1.994350
1.897872
2.580978
3.513881
3.668894
2.937279
4.443526
4.932413
5.346063
3.805679
1.393861
1.579615
-0.885982
-0.705410
-2.946332
-2.288334
-2.647062
-2.201552
-0.858873
2.354404
2.245343
4.006824
3.640558
1.374209
0.831831
1.209024
0.052704
-0.215717
-0.709871
0.205035
1.324383
0.651626
2.602706
2.101107
1.370724
-0.247171
-0.576222
-0.953982
-0.209005
-2.431481
-1.341804
-2.564131
-0.840225
-0.267163
-0.816157
0.260397
0.644654
1.388480
1.460233
1.160164
1.489056
3.031756
1.273363
-0.552549
0.760175
1.691200
2.162245
-0.916432
-2.339126
-0.317176
0.352461
1.341826
-0.972462
-1.266704
0.418391
-0.417697
-1.734035
-0.743760
-1.083699
-1.564494
-1.755921
-4.592282
-2.113759
-0.529925
-0.393632
0.613239
1.345217
3.696172
2.730867
0.602318
-0.611361
-1.520959
-2.630260
-0.827599
-3.108653
-0.020156
1.084267
-1.529750
-2.198970
-2.290764
-1.973538
-0.893009
-1.709662
-2.307635
-1.199251
0.156177
-0.676649
-1.245375
-0.245339
1.638156
3.004202
3.795859
4.068521
2.208641
4.555805
2.158329
1.909523
2.504117
1.274926
0.455977
0.989975
3.121734
2.701104
1.406272
1.717820
1.117266
-0.442860
0.401903
-0.032424
-0.699226
0.136456
-0.755373
-0.647298
-1.021769
-2.282742
-1.430038
-0.745557
-1.283139
1.563793
1.281808
1.039995
-0.322278
-0.293452
-0.678391
-0.521525
-0.767600
0.134968
0.663781
1.835722
1.065283
-0.426165
-1.049572
-0.355947
3.446283
3.355292
2.513333
2.034763
3.622039
1.427012
3.583631
3.061868
3.550746
3.726982
5.278232
4.186449
6.017687
6.383749
6.099115
4.599065
5.487818
6.506973
6.282479
6.297630
3.082344
3.196532
3.222066
3.573197
1.380282
1.794460
0.857495
1.090502
0.503106
-0.850909
-0.417076
-1.676339
-3.622432
-1.516193
-0.420378
1.913301
-0.629115
-3.519821
-2.499729
-1.591990
-0.175056
-0.903281
0.136284
-1.809771
-0.443538
0.299213
0.339204
-0.450823
0.209881
-0.639224
-0.549973
-0.954091
-0.708117
-1.696567
-2.438550
-3.608042
-3.754008
-2.363473
0.099474
-0.587093
-0.911603
-1.158498
-2.670621
-0.842040
-1.249603
-0.614280
0.623925
0.419341
-0.208937
2.201694
2.231106
4.014420
3.882993
3.822491
2.476060
0.063437
2.937103
3.873833
1.902086
0.468510
0.688347
2.239440
1.137491
0.506966
-0.070700
-1.506508
-0.282083
0.915745
2.231585
0.222121
-0.693173
-0.328993
-0.914836
-2.401718
-2.845074
-1.653387
-3.006951
-3.455991
-3.620476
-2.048770
-1.998392
-4.637269
-4.726570
-5.013619
-4.089271
-2.732351
-4.793357
-5.440860
-7.329500
-7.783978
-8.324006
-9.598836
-9.400261
-9.657949
-9.379359
-7.688592
-9.111722
-8.715457
-8.949852
-9.351657
-12.053916
-8.533345
-8.171041
-5.398343
-5.042574
-6.509876
-7.271847
-5.520766
-5.127558
-2.766209
-0.649818
-0.213343
-0.796883
0.408138
1.908278
3.439592
5.116063
4.841792
4.872891
6.502230
10.961432
8.225029
8.309640
7.722938
6.631078
7.029438
8.843010
6.749206
7.394135
8.403940
7.823807
6.343134
6.114809
5.811401
5.781821
2.768951
2.448911
2.500346
2.859648
3.672939
1.734779
1.639997
4.148206
4.674178
7.584256
8.411402
7.649207
8.651622
8.190557
4.193424
2.154319
2.738222
2.543353
4.766427
3.373764
4.036957
4.878047
5.323346
3.623690
0.636288
0.624053
1.683674
-1.889434
-4.053580
-5.279949
-7.074613
-7.860782
-7.329186
-7.235956
-3.124355
-2.210825
-0.301158
2.168177
0.135435
0.540402
1.325454
0.639971
-1.010608
-0.130474
1.184759
1.704759
2.057384
4.441159
6.426971
6.467734
5.962454
5.098749
2.925494
1.964376
-0.928720
-0.816595
-1.756005
-4.814670
-5.749002
-6.216825
-7.691937
-7.712151
-9.257401
-9.525457
-10.131900
-11.459900
-12.007863
-11.317695
-14.039705
-14.177142
-11.891839
-11.458831
-9.868717
-7.780519
-6.226593
-4.973166
-4.272523
-2.339860
-2.043818
-2.583425
-3.265085
-3.516999
-2.363680
-2.482773
-1.078031
-0.366533
0.181508
-2.142632
-1.065724
-2.585166
-1.969429
-2.002025
-2.421707
-2.710596
-2.089733
-2.433637
-1.709385
-1.525296
-2.382272
-0.550792
1.707308
1.923656
3.770627
4.758433
3.884722
3.914124
2.297882
2.713465
1.150424
4.580162
3.797512
5.021863
5.497278
4.805756
3.018054
0.520856
-0.498995
-1.495745
0.465298
0.084037
-2.606837
-2.108387
-2.122735
-1.245164
-2.566051
-3.161681
-0.867498
0.244915
-0.337796
-2.931898
-2.923398
-4.280608
-5.126985
-5.544801
-4.649847
-2.691736
-2.615920
-1.486883
-1.823558
-2.389004
-1.437041
-2.934406
-1.430340
-2.273618
-1.753021
-2.392735
-1.685040
-1.310190
2.155562
0.657161
0.120248
-0.028123
0.009120
-1.025728
-0.825687
-1.413113
-1.842548
-3.635432
-5.838570
-5.409302
-2.897231
-0.900176
-3.355053
-1.450660
-1.800357
-0.682830
-1.964930
-1.871819
-3.933126
-2.533369
-2.295367
-1.150314
-0.967474
1.432916
1.183111
0.941641
1.053024
2.097830
3.627425
4.224963
1.401306
1.229695
1.984249
0.597222
0.737571
0.168760
-1.249899
-0.989115
-0.555230
-0.659538
-0.541398
-1.044252
-2.016009
-2.494905
-2.081122
0.411906
-0.389633
1.714294
1.236108
2.342593
3.595624
1.702839
1.307836
2.468329
3.122628
5.029908
7.558922
6.592716
5.870089
6.873833
6.811985
9.077337
10.208776
7.359806
7.705122
5.643173
6.481536
4.381771
3.332870
1.132112
0.183688
-0.631260
-0.665374
-1.804936
-2.451434
-3.515302
-3.989968
-4.231899
-4.788788
-4.958510
-5.443113
-6.704133
-4.659657
-2.800607
-3.464106
-2.717149
-1.475473
-1.863245
-0.759706
-1.098744
0.299932
1.428460
1.010064
1.388726
3.174705
3.516541
2.257481
2.657011
2.938219
2.830877
2.810160
3.271351
3.196111
2.093163
2.381506
1.918532
-0.770408
-1.030304
-0.094010
1.838575
3.060388
4.682537
6.629618
5.318594
5.076106
3.979134
5.257721
4.597984
6.289276
6.570734
5.301459
4.823135
5.231335
8.266639
5.339073
4.082973
6.648892
7.603433
7.181309
7.880043
7.836768
6.992544
5.252718
4.806246
3.179723
4.148616
3.056944
1.281178
-0.037113
-1.128186
-0.629469
-0.314004
-4.022542
-7.298292
-3.781515
-3.910324
-4.855963
-5.617022
-4.080932
-4.158616
-4.298485
-4.123794
-1.447690
0.047330
0.962079
-0.133625
2.026096
6.186595
4.936705
5.623130
4.333651
3.579597
5.119536
6.571288
4.614245
5.714915
5.332254
5.112191
3.015064
2.361969
0.942407
2.463343
-0.529474
-0.854263
-0.587919
-0.679066
-2.095927
-3.693097
-1.497404
-0.398335
2.020979
2.880067
3.620688
3.408957
4.457349
6.090116
6.532892
6.828637
8.422030
7.262115
7.049617
5.904033
6.603149
8.253915
7.803246
7.676695
6.380693
4.447592
4.957530
2.292757
1.855639
0.323520
-1.351744
-0.794780
-0.021419
-0.488732
0.119669
2.640715
0.190165
-0.359206
1.104584
0.659041
1.016103
-3.315676
-2.962716
-2.257562
-0.433098
1.854503
1.316326
5.029486
4.409614
6.385959
7.106737
8.860816
8.219729
6.630408
7.121364
3.915031
5.938975
5.443189
4.315032
4.510670
4.637502
8.260652
7.461457
6.973539
5.294936
4.617297
5.999746
1.917870
3.030184
1.127900
1.590613
0.037930
0.675684
0.655297
-0.794018
0.583863
2.056743
3.736586
4.195720
3.604993
2.082036
-0.948711
-1.549426
-1.056329
0.888748
0.147950
-0.676825
2.278049
0.176090
2.476354
0.764200
1.393869
0.298413
0.461901
-0.272300
-0.892767
-2.891914
-1.630044
-3.011716
-4.337476
-4.213249
-1.689966
-0.523681
-1.070441
-0.992585
-0.401304
-1.880918
-2.599020
-0.998327
-1.928704
-1.540840
-1.510683
0.126618
1.935678
4.284741
2.454582
3.244016
2.501625
2.454346
4.693764
4.804218
3.665772
5.310006
7.805289
6.499860
7.302161
8.150452
7.898252
9.389451
6.887547
8.992781
6.765182
5.725405
3.644978
2.045999
3.882771
2.302233
0.823888
1.831711
1.412250
1.831391
2.259410
-1.248531
-3.728475
-0.427737
-2.098139
-2.547449
-2.518748
-4.514912
-3.425749
-4.359419
-5.187052
-3.813420
-2.977632
-2.693313
-1.545964
-0.335498
0.378370
0.335867
-0.532281
-0.081883
0.440753
0.019467
0.018541
-3.137849
-3.060592
-3.742017
-5.272053
-6.982008
-5.190696
-3.796188
-2.594160
-5.466520
-7.033215
-8.503039
-8.324137
-8.804357
-7.089884
-6.803786
-7.638352
-8.205592
-7.425369
-6.638026
-6.293356
-4.187415
-4.364630
-4.796460
-3.245393
-0.940519
-1.856442
-1.175894
-1.281376
1.984887
4.791975
5.682671
6.510708
6.032065
3.783630
3.932882
6.480067
7.707925
8.888537
10.866644
10.355328
6.820583
6.389019
7.080254
6.545593
6.643346
5.291964
3.776164
5.427925
2.671878
0.355340
-0.260866
-3.812855
-3.473861
-1.401339
-0.186912
-1.396310
-1.763913
-4.819953
-7.376980
-6.499244
-5.510901
-4.541574
-4.555506
-2.268364
-3.807666
-5.245921
-7.111729
-6.761104
-6.127414
-5.352595
-5.342625
-2.739555
-1.544435
-3.947577
-5.454994
-6.545734
-7.888275
-8.570683
-7.245843
-7.943076
-7.103125
-6.522520
-3.895632
-7.730497
-6.955932
-3.862792
-2.757531
-3.425124
-3.633900
-3.480519
-3.056027
-2.479214
-3.734477
-2.934576
-1.501390
-1.924626
-1.813069
-0.127348
0.396679
1.394670
1.586895
2.174892
0.520895
1.751374
1.942822
0.707736
1.959279
1.159835
3.339750
1.752547
3.977008
2.030774
2.092405
3.111235
1.854950
4.006952
5.189378
5.472373
5.352936
2.546287
2.503523
1.744519
0.510206
1.025589
-0.453816
-0.368186
-2.408493
-2.163091
-2.872465
-1.800110
-3.729389
-3.487630
-1.162688
-3.570941
-4.474677
-4.526425
-4.238609
-3.999613
-3.830066
-0.788282
-0.409742
-0.022617
-0.128908
-0.686952
-0.049949
2.326887
3.099480
3.870413
1.656335
3.071483
2.937340
2.045759
-0.367005
-0.213105
1.219401
0.835234
0.397674
0.422492
0.211855
-0.944295
-2.149140
-3.262669
-4.011340
-4.110802
-3.056927
-5.427870
-5.278657
-4.876838
-2.846870
-3.396147
-4.029281
-4.661304
-5.257885
-4.690364
-5.360583
-5.066046
-6.906255
-7.303471
-7.700926
-6.565036
-5.121819
-4.810859
-2.556589
-2.982039
-1.197162
-0.403034
0.131762
-2.165594
-3.371864
-4.186235
-3.732302
-0.520683
-0.329397
-0.058813
-0.002322
-0.919256
0.141768
-1.329024
-1.105878
-2.729034
-5.361162
-6.102882
-5.494791
-4.804873
-6.362087
-6.272014
-6.215631
-5.069792
-4.128841
-2.952224
-3.515664
-5.945678
-3.014932
-2.702104
-4.158777
-3.394793
-1.226100
-1.161773
-0.451064
2.046886
2.894191
5.915840
5.721332
6.411347
4.219769
4.725094
5.101322
3.148054
2.074890
3.127182
4.923649
5.403226
2.720711
2.602444
5.488609
5.370538
4.857348
7.235063
7.139646
4.261136
4.523849
4.473547
2.963330
2.791610
5.909509
5.908337
5.629858
7.315757
8.044540
7.018519
6.909914
7.355113
8.063512
7.841022
7.060101
7.246559
5.914619
3.207650
2.861401
2.793676
3.159934
2.526307
2.615597
1.302232
0.781658
-0.050682
-1.096932
0.147012
0.279042
-0.867623
-1.783209
0.427541
0.519015
-1.067114
-1.996681
-1.888618
-3.927445
-1.860368
-0.520517
0.685429
0.798805
1.381201
1.860359
2.438560
0.892740
0.370740
1.273822
-0.308837
-1.205428
0.281813
0.527261
-3.023932
-2.179468
-0.374543
-0.889171
0.498229
2.586141
1.561044
-1.778651
-1.730034
-1.702459
-3.538866
-4.181358
-2.793646
-1.721164
0.413030
-0.493081
-1.447354
-1.184102
-2.732814
-4.019653
-2.294894
-2.744191
-2.136502
-1.880310
-3.135971
-3.758878
-4.970208
-2.592087
-1.574786
-2.595360
-3.003308
-2.259423
-4.693947
-5.191992
-5.689519
-4.993166
-1.888800
-1.288676
-1.301580
0.078853
-1.063181
-1.070493
-0.354334
-0.486229
-2.284707
-2.552910
-3.281762
-5.619715
-6.787655
-6.828035
-5.196320
-3.741039
-0.586328
0.475658
-0.031407
-0.093984
-1.290505
-1.268505
-0.341819
-1.522264
-1.320592
-1.238163
-1.511564
-0.776175
1.430865
3.509585
5.907913
8.206914
9.625696
10.350510
9.476612
7.883475
6.215024
5.550027
4.540009
5.287125
3.139021
1.907036
1.735992
2.061555
3.956646
3.740651
5.024022
4.882860
5.116673
5.790344
4.717617
3.846680
2.881682
3.137787
3.675561
4.159095
4.038982
5.086620
3.396532
4.016221
5.616515
5.278324
4.033446
4.570821
2.750243
1.863620
-0.529165
-0.799568
-1.344932
-4.081947
-3.769346
-1.913493
-0.730132
-0.857132
-1.560781
-1.502042
-0.964408
-0.282762
1.897803
0.897574
2.031948
5.879117
6.813252
8.191439
7.579346
7.322466
8.654062
10.296810
10.080283
9.175284
10.174797
9.963657
9.170235
9.657560
9.188308
8.028440
7.888298
5.661037
6.932958
6.171532
4.889520
3.777659
2.677727
2.194342
2.155655
2.178025
2.249843
0.469066
0.547668
1.907268
2.193464
-0.566463
-1.023983
-3.568336
-4.778051
-5.414225
-6.032028
-5.777198
-5.717477
-7.523535
-6.899073
-6.998901
-4.485243
-5.075393
-3.403421
-2.798742
-4.431401
-3.735010
-4.115086
-5.384380
-5.299281
-4.228785
-5.781717
-3.643482
-1.436228
-0.396625
0.556207
2.627077
1.124545
4.338880
4.180146
4.959765
3.459279
4.299015
4.544283
5.164513
5.328428
4.491145
4.215283
4.805330
3.093974
2.802611
3.950418
3.533774
2.290406
4.135687
4.147492
2.554662
3.513213
1.774680
0.564603
1.828825
3.225975
3.099849
3.524052
2.052825
2.080945
2.063132
1.992078
2.254400
3.763394
4.237079
4.191232
5.192527
7.270664
5.249056
4.707026
4.696465
1.516707
2.839429
4.746891
0.820815
0.353584
0.084870
-0.006316
1.387552
0.098571
1.270101
1.707255
2.363230
3.016380
3.338612
4.364061
5.146093
5.004767
5.140276
5.680081
4.709750
7.376462
7.235588
6.043995
7.001571
7.679586
7.480661
5.700516
3.355782
5.316997
4.331871
4.754720
3.468594
1.426526
2.575217
2.944227
3.340934
0.901521
0.529809
-3.110640
-0.978437
-2.947575
-4.649187
-2.296348
-1.534078
-2.904518
-5.703079
-6.719894
-4.807309
-5.945072
-6.801762
-6.348100
-4.529881
-3.906409
-5.953404
-8.440063
-9.211349
-9.916542
-9.813154
-6.569692
-8.684077
-8.345984
-7.340625
-7.858467
-9.357701
-9.628041
-7.029957
-6.497800
-7.054612
-6.378025
-6.527918
-7.975413
-7.974936
-6.435483
-7.536246
-5.606324
-6.868569
-4.903627
-4.953310
-4.192037
-5.719589
-5.346748
-5.933566
-7.056566
-7.253380
-6.970442
-5.925808
-3.869578
-4.678559
-3.067540
-3.928847
-2.081133
-3.110388
-4.108910
-1.962336
-1.426755
-3.081099
-3.941912
-3.267476
-5.649114
-3.285986
-1.562600
-0.705341
-0.994509
-1.804669
-1.859018
-0.693985
-1.339767
1.679119
1.275300
3.460174
0.454938
-0.509598
0.792352
-0.267138
-2.228086
-0.383634
-0.743736
0.224241
1.914749
1.159917
1.427179
-0.583226
-0.904625
-0.046637
1.535796
0.659399
0.392594
-0.338593
-0.042181
-1.909622
-0.769209
1.821127
1.200279
0.326046
-0.445114
-1.928186
-0.155522
-0.093024
-1.722495
0.155164
-0.723365
1.674528
2.984010
5.109552
4.072148
1.596383
1.696737
0.888564
0.420630
2.439979
3.109500
2.305835
0.001132
1.766294
3.021513
1.686095
-0.174244
-0.348712
2.356856
-0.811056
-1.213086
-0.944425
-1.270194
-3.257676
-3.234248
-3.110151
-3.945698
-3.813526
-4.658380
-4.171787
-3.506845
-1.495618
-0.590779
-0.374785
0.617680
2.969218
3.657923
2.120447
-0.111045
1.817820
1.592258
-0.066138
-0.841205
-1.596597
-1.393394
0.130407
1.853781
1.254859
-0.553497
-0.610843
-1.471087
-4.229351
-3.983725
-4.014251
-5.914403
-6.264802
-7.352458
-7.505349
-7.426954
-6.737594
-5.542763
-4.639996
-6.838564
-5.098705
-4.708770
-5.963691
-7.479036
-7.651258
-7.412850
-7.894250
-9.311440
-9.703576
-9.577909
-10.966924
-9.794550
-8.871343
-4.857083
-3.083774
-3.116521
-3.968732
-3.402128
-4.981821
-3.951870
-4.401288
-5.161856
-2.773308
-4.365400
-3.537756
-2.125402
-2.665489
-0.355580
2.704551
2.747180
4.192512
4.281715
2.935323
2.100399
0.038565
-0.105811
1.080689
-0.000742
2.157559
2.836757
3.113016
3.596306
2.591532
4.574723
2.955070
2.654552
2.929848
0.768702
-0.668578
0.855395
-1.693884
-1.187554
-0.584938
-2.127232
-0.789878
2.253702
2.051514
1.229333
2.652648
3.381007
3.224284
2.414769
1.914216
1.396459
1.706538
2.044683
0.751476
2.094347
0.607273
-2.354857
-0.807735
-1.185003
-0.310655
0.386101
-0.283541
-2.824866
-1.922410
-0.699540
-3.399697
-4.747936
-5.999202
-6.929750
-6.662847
-5.329574
-4.999652
-4.594564
-3.946050
-4.059525
-2.870158
-1.831152
-0.538126
-0.746905
-1.144197
0.244357
0.598323
0.120956
-2.395280
-1.615863
-0.758515
1.065776
1.889903
2.667096
1.098559
1.604782
4.259545
4.237889
4.692517
5.728774
6.520681
7.075005
5.071393
4.716430
6.021066
4.175831
3.694620
3.833361
3.607369
2.329175
3.162552
1.890381
1.166552
0.260163
2.245129
3.346715
2.295150
1.598388
0.090753
-0.532209
-1.040980
-0.668806
0.261242
-0.669318
-2.286360
-3.252175
-1.994173
-1.324572
-0.707855
-0.738910
-0.924623
-0.138610
0.675601
2.777597
0.505347
-2.287123
-3.526290
-2.981892
-0.684983
-1.312548
-0.779450
-0.962465
-0.854913
1.365044
3.732967
4.249525
2.771032
4.321111
4.170952
3.285017
2.646177
2.837928
3.659107
2.049504
4.968219
5.124651
5.603362
6.073889
4.758673
4.744160
3.196323
1.109681
2.100561
1.250884
-2.074690
-1.604029
-0.571011
-2.183196
-1.030012
0.759823
0.786613
1.136892
0.882347
2.380960
1.573059
1.126496
-1.263477
-0.752892
1.209421
1.985230
2.605956
3.035385
0.842424
1.347199
4.676351
4.687983
3.797041
4.986421
3.206607
2.573922
1.912124
1.516421
2.291244
0.671305
1.446621
-0.300899
2.998380
0.477638
-2.175838
-2.758082
-3.020030
-1.037020
-1.098424
-0.734195
-1.869975
-1.225388
-1.554442
-2.475395
-0.541571
0.132995
-0.372181
-1.067336
-2.648193
-0.902593
-1.238237
0.925552
0.334796
2.941842
4.023623
3.163136
4.775967
4.781630
6.588416
5.669263
4.730769
3.802141
2.952899
2.259024
1.218171
1.152544
0.869493
1.423084
2.067468
0.255392
-1.705055
-1.438222
-2.575003
-2.286461
-1.729898
-1.506489
-5.219695
-7.425827
-8.276384
-8.565117
-6.696239
-6.542423
-3.825612
-3.663657
-3.212941
-1.861955
0.018705
-0.247399
-0.408184
1.646148
2.301275
3.382037
3.330000
0.265903
-0.020519
1.325258
2.812726
4.707609
5.242802
3.177046
0.868759
0.298212
0.725108
1.220225
1.397810
-1.060091
-1.614792
-2.888044
-4.491724
-4.863477
-5.356242
-6.400947
-5.832517
-5.342662
-4.823255
-6.238991
-4.317013
-6.938041
-7.819609
-5.863729
-6.545872
-5.206325
-5.943017
-5.733970
-4.373420
-5.053491
-4.522850
-2.027108
-0.333303
-0.432803
0.077329
0.162632
0.467948
0.899970
1.509220
2.617145
1.376343
4.590499
6.060222
4.981949
5.168917
4.220685
4.401227
3.856283
2.519553
4.260957
3.276670
3.364547
3.639825
0.953771
1.469923
2.243235
1.351016
1.364518
0.060236
0.545645
-0.627267
-3.067539
-2.766772
-2.114182
0.632861
1.440570
0.112800
0.904017
-0.112178
-1.632626
-0.663523
-1.983045
-2.337922
-0.748917
-2.176935
-5.294047
-4.625572
-3.611571
-1.626501
-2.384836
-0.430047
1.422137
0.267556
1.059664
-0.790155
-1.499686
-0.524005
-0.947386
0.079547
0.611617
-1.601891
-0.663734
-0.764053
-1.274444
0.965879
3.417492
4.314885
2.986183
0.752432
-0.448812
-0.295461
-1.227411
0.002713
-0.383095
-1.630832
-1.290411
-1.003685
1.140320
1.813571
0.749969
2.783096
2.055409
1.910438
3.027541
3.195131
2.173968
1.332621
2.270057
1.940348
2.824817
0.847590
1.490578
1.598728
1.296974
0.653488
1.665619
0.794717
-0.594618
-1.723938
-0.622553
-0.825011
-2.137662
-1.229352
0.183645
-0.473460
0.062331
-0.287136
0.491609
-0.094096
0.118247
1.386458
1.984039
0.864416
2.022769
2.798455
1.086256
0.794113
-0.795581
-1.499492
-0.347450
-1.234610
3.159649
5.839749
5.412107
4.531167
6.007228
5.170148
5.442579
6.327926
6.807670
7.007664
3.905189
4.189855
5.397842
7.246194
8.850979
8.977186
10.300709
11.564897
11.897825
10.838381
8.082325
3.971391
2.653341
4.872209
2.720397
3.495387
2.497806
3.720738
4.304440
3.048403
4.063508
2.953138
-0.121693
-0.558776
-2.717445
-1.478399
-1.126341
-1.652198
-2.877485
-2.260530
-2.929055
-2.718751
-2.593739
-2.919197
-1.475208
0.117000
1.230108
1.375600
-0.507212
-0.224809
1.386895
2.821402
3.981555
4.682271
5.535381
3.519071
2.020056
0.933419
0.573181
1.358113
0.890553
-0.846304
-2.560723
-2.123429
-1.396367
-2.157516
-3.623101
-3.600387
-3.675839
-3.766053
-3.793324
-3.355333
-3.935762
-4.286158
-5.794994
-5.077488
-5.001275
-2.605940
-2.611964
-2.511822
-4.620308
-3.709836
-2.940490
-5.830003
-8.021129
-8.908945
-9.047677
-11.437457
-11.192732
-10.464767
-10.455625
-11.466205
-9.257526
-9.610465
-6.046618
-4.922962
-4.052271
-5.333712
-3.630461
-4.063209
-1.576031
-0.682156
-0.699369
-1.073977
0.576433
-0.065696
0.264939
1.698738
0.986073
0.420623
0.425816
1.110099
-1.113695
-1.172266
-2.366052
-3.415285
-3.386071
-3.400733
-5.173205
-4.982905
-5.193655
-6.955147
-5.608540
-4.120402
-4.965633
-3.115024
-2.952962
-1.825126
1.693595
2.329441
1.653749
2.114132
3.454005
2.460042
1.431622
0.902198
0.027260
1.597178
2.328503
2.126827
2.281668
4.162441
3.590669
5.057559
7.239113
7.989636
6.058622
5.580842
1.375740
1.046896
1.267114
2.213519
2.445645
3.090279
2.419373
4.348693
4.932232
3.658769
2.611488
2.802313
3.691840
3.571314
4.548081
2.899763
0.422852
-1.447900
0.234737
-0.266773
1.812045
1.820695
5.380365
2.952626
1.679727
1.993353
5.538395
4.210197
4.752674
5.763652
5.947281
5.027369
5.522269
5.380411
3.851937
2.116278
1.957563
2.899222
3.732630
3.995289
4.358228
5.033466
1.312406
1.719652
1.757308
0.900169
-2.570296
-3.823539
-5.895303
-5.808604
-5.018425
-3.927627
-4.171158
-4.488091
-5.201577
-4.311738
-1.984581
-2.450202
-2.824913
-4.539335
-4.316685
-5.572142
-6.152852
-4.868383
-3.118183
-3.606093
-2.215878
0.666231
2.383896
2.411336
0.714519
1.489746
0.245013
-0.393190
0.975654
1.921139
-1.267573
-1.538754
-2.081639
-0.703763
-0.768105
-1.651022
-1.179215
-1.334714
-2.656591
-1.560649
-4.159253
-4.647951
-3.861925
-4.176096
-4.014146
-5.391176
-5.143996
-4.940303
-3.664120
-2.942686
-0.484833
0.270293
-0.521137
-1.162228
-1.185625
-0.080466
2.815680
0.520538
1.252155
1.245047
3.112386
0.924898
-1.281884
-0.478111
0.407517
2.146074
2.955949
4.311853
1.895458
1.039172
-1.306899
-3.004581
0.332280
1.660761
2.508431
1.238430
-1.448479
0.353429
0.572640
-1.697151
-2.032866
-0.654421
-1.522035
-3.824855
-4.903049
-4.766821
-6.466796
-7.290483
-7.889406
-7.279693
-7.902363
-9.058119
-11.159819
-12.244167
-13.900984
-11.952578
-13.106186
-15.002975
-15.754726
-14.033890
-14.013462
-14.675379
-14.611706
-13.189068
-11.942844
-12.803104
-11.581704
-10.396974
-9.824303
-9.709125
-6.638980
-6.198009
-6.821628
-5.700057
-5.492611
-6.011487
-4.263168
-1.487709
-2.349484
-1.965949
-2.126153
0.091894
2.069894
0.547766
0.928583
-0.263025
0.468732
1.424116
2.307688
1.552357
-0.364829
-0.315318
-0.326932
-1.862500
-2.067400
-3.104544
-3.484333
-5.315133
-3.996542
-3.339389
-3.233687
-4.196843
-3.779731
-4.322885
-5.859837
-3.609427
-4.063109
-7.080022
-7.317076
-6.645679
-6.859246
-5.127692
-4.884389
-5.491144
-5.545228
-2.611537
-2.544962
-2.840306
-3.284731
-2.431331
-1.262823
-1.339696
-2.770516
-1.925114
0.867829
-0.155872
0.656389
0.366128
0.655193
1.304315
2.596745
0.422095
-0.275823
0.475748
-0.315736
-2.189204
-2.394348
-2.236562
-3.196704
-4.878143
-6.354107
-5.892122
-4.762449
-4.791708
-5.892794
-3.804097
-4.505697
-4.733702
-3.688179
-5.001083
-6.801196
-6.814779
-5.680943
-5.652632
-5.304472
-3.877531
-5.139521
-6.101860
-4.920176
-5.029794
-4.832520
-8.930072
-7.140969
-6.291907
-8.275718
-11.039763
-11.247188
-10.032741
-10.259725
-10.518411
-9.174575
-7.711179
-10.333039
-9.930404
-9.923034
-10.942578
-9.210387
-7.690576
-6.264491
-5.548143
-4.767209
-2.400578
-5.551293
-5.371192
-3.062660
-1.788963
-2.271270
-2.221822
-1.407214
-1.112055
-2.471592
-2.993693
-0.137834
-0.398156
-0.043803
-0.593745
-2.082395
-1.877131
-4.207526
-4.560576
-4.453714
-2.590969
-1.924175
-2.304115
-1.656932
-2.198765
-2.369856
-2.032660
-3.044241
-3.944498
-0.454519
-2.227455
-3.484915
-3.079189
-2.061748
-1.391285
-0.401834
2.348861
1.946957
1.310893
-0.153812
-0.510070
0.192817
-0.856221
-1.932676
-2.838053
-2.676739
-3.177794
-2.614937
-2.324595
-5.226983
-2.222156
-1.678403
-0.764607
-2.539578
-3.296460
-3.395796
-9.756307
-7.987668
-4.675371
-4.079232
-3.434960
-4.241517
-4.576588
-3.755356
-3.593363
-1.178685
-0.528273
-0.145630
0.499050
1.699297
1.845835
0.798996
0.340274
2.215311
-0.282634
2.083381
6.724710
6.615464
3.809887
4.194380
2.962360
4.126262
5.851034
4.462286
4.885375
2.783984
3.089848
1.342290
1.440724
-0.720432
0.429146
1.812260
1.595819
0.917804
5.428540
4.317779
1.800540
2.252320
1.853051
2.031100
1.092468
-0.017261
-1.495322
-1.164204
-1.538303
-0.402844
0.672348
0.368608
-0.388232
1.491763
-1.180637
-1.721325
-3.783009
-3.964489
-4.822793
-6.793090
-5.202471
-5.935959
-7.556347
-6.883273
-5.939367
-6.304318
-5.377768
-4.972005
-3.880399
-3.926458
-5.080739
-3.736965
-3.844586
-2.365082
-1.591003
-0.301694
2.499066
3.684758
3.361933
3.637510
2.962632
1.707019
3.902516
2.376296
1.987545
1.638426
1.094503
-0.299804
-0.408747
0.552326
-0.260442
0.178575
-0.755735
-0.721170
1.404814
-0.020848
-0.445209
-1.368887
-1.765071
-0.521670
-0.436172
0.887241
1.276526
1.635380
1.111816
2.489943
1.697881
1.988017
0.873634
0.040910
0.115073
-0.014389
0.706841
0.891244
-1.123211
-0.639365
-2.537460
-2.192182
-2.828751
-2.635151
-3.054610
-2.332302
-3.256140
-2.358348
-3.155867
-2.569049
-1.296631
-0.601111
-0.531547
-2.206874
-0.869820
-2.814576
-2.009325
-3.826568
-3.833420
-3.387580
-2.947976
-2.153162
-2.081684
-2.291274
-2.380050
-5.506329
-4.277208
-3.868935
-2.489753
-2.302523
-3.415550
-3.550013
-4.537254
-3.315357
-4.250295
-3.309836
-3.764501
-3.401242
-1.546352
-1.833462
0.083376
-1.664526
-0.658451
-1.988187
-1.841897
-1.020261
-1.397387
-1.891444
-1.817652
-1.545020
-1.403882
-2.788323
-2.087740
-1.896746
-1.590877
-0.550787
-0.845495
2.859398
0.198789
-0.086999
-0.023053
0.801524
0.258705
0.908557
2.908864
3.337932
1.411364
1.812364
2.333088
1.018096
3.274487
4.593231
4.878747
4.379611
5.992994
5.137217
4.050446
-1.297793
-0.378179
-0.192908
-2.201007
-1.920344
-1.300922
-1.169228
-4.019340
-2.055569
-0.054803
-1.179396
-1.581617
-0.929382
-2.296596
-1.213681
-0.023947
0.624773
-0.876503
-0.043206
2.224724
2.573487
2.923802
4.268557
4.117079
3.827205
1.374769
0.566086
0.852546
-0.732560
-2.565857
-1.551913
-2.329434
-1.708555
-2.879386
-3.683567
-5.331497
-6.320049
-6.333612
-5.501040
-7.363981
-7.155136
-7.196131
-8.679528
-7.939179
-6.867663
-5.469476
-4.313519
-2.677851
-1.725200
-1.860928
-2.991836
-3.936751
-4.794382
-4.551687
-3.693804
-1.672080
-1.719773
-2.294885
-3.075685
-3.144812
-2.792060
-2.228727
-1.626173
-0.570617
-0.869354
-0.670285
-1.508144
-2.260427
-3.278569
-3.136709
-1.991850
0.338355
-1.179691
-0.881614
-1.934194
-4.653840
-4.028404
-1.576567
-2.922664
-0.294234
0.915354
-0.605407
-2.175631
-4.184599
-5.164160
-5.370329
-3.688852
-3.756215
-2.387964
0.313431
0.707411
0.549686
3.011419
2.082907
0.415933
2.706065
2.042640
0.132604
1.704265
0.318742
-0.574171
-0.885529
-1.558857
-0.891190
-0.459185
0.978856
0.977863
1.763417
0.030714
-2.253160
-2.541669
-1.815182
-3.155911
0.549013
2.051010
2.090331
-0.100244
0.922895
-1.536834
-0.164877
0.689246
-0.207005
0.548299
0.454407
-0.858031
-3.168727
-3.600590
-3.060813
-2.629312
-1.674104
-3.293136
-5.145309
-5.740447
-8.483022
-9.282870
-8.247669
-5.774948
-6.691922
-3.572687
-3.955054
-6.505105
-5.680700
-3.537203
-1.907603
-2.373839
-2.335565
-4.089307
-4.963902
-3.411327
-3.655857
-5.068551
-5.913327
-4.549304
-1.924234
-1.900797
-3.703986
-4.091880
-4.505506
-7.939044
-7.239197
-5.320163
-4.454372
-5.197637
-5.897614
-3.202551
-3.327043
-3.496996
-3.378884
-4.959135
-5.352834
-3.784894
-1.121195
-1.938406
-2.944471
-2.798154
-3.940074
-3.889422
-3.014743
-1.026203
-0.862105
0.318956
0.415499
0.509110
0.167088
-0.921083
0.975091
2.477819
1.990690
2.561240
3.277436
2.253217
0.464511
0.414294
-0.992057
-2.684435
-0.879705
1.085657
-0.254737
-0.615211
-2.864087
-4.004501
-4.000556
-3.527699
-5.185480
-5.441853
-7.441589
-7.182538
-7.523943
-6.728340
-7.782024
-5.185442
-4.375479
-5.242316
-4.479280
1.256079
0.552651
-1.307398
-0.739999
-0.068190
0.319946
-1.240715
-0.755258
-1.265611
-0.795819
0.011730
1.494374
0.914996
3.309499
1.679826
2.725416
2.177153
3.628012
6.384643
5.395768
3.273259
4.027100
4.306672
2.786150
2.511041
2.943776
5.109152
5.494727
4.998398
6.833838
5.739248
6.819918
7.454250
3.269812
3.955899
2.614141
1.244984
1.484200
0.275215
0.992508
-0.820334
-1.007067
-1.879323
0.482041
-0.671824
-1.167256
-0.890043
-1.977462
-0.675881
-1.778831
-2.112864
-3.764717
-4.314305
-2.112652
-0.923364
0.083106
2.233626
0.161851
-0.939873
-0.241749
-0.045127
0.307034
0.608453
-1.037383
0.283749
0.348705
-1.058206
-1.228915
-2.905838
-1.431237
-0.423554
-1.256898
-0.720989
-1.256676
-4.891536
-4.745870
-5.034173
-6.115117
-4.495759
-6.076445
-6.842564
-7.500925
-6.414798
-6.828041
-7.656238
-7.240436
-5.552647
-4.563833
-3.615750
-5.156353
-5.230835
-3.670951
-3.558187
-1.362361
0.019370
-0.494868
-1.650344
-2.883416
-4.522147
-2.533081
-0.461254
-0.544676
-1.667150
-0.503891
0.305053
0.872422
-0.308157
-0.917425
-1.235054
-0.715942
0.609789
-0.263553
-1.795687
-2.934957
-2.118956
-0.549569
0.126700
1.078925
2.027552
-0.220844
-1.733661
-2.661866
-2.091156
-1.840444
-2.731629
-2.219919
-2.350047
-1.500164
-1.468840
-1.820020
-1.116362
0.991118
2.962077
0.951237
-0.937497
-3.582808
-3.597649
-1.558102
-0.790179
-1.876019
-1.058360
-0.278291
0.371299
-0.999057
-2.751368
-3.374094
-3.438203
-3.191832
-1.669139
-1.260999
-4.158131
-7.214512
-7.383049
-6.379999
-4.396985
-1.916568
-3.466637
-3.372665
-4.623168
-1.012396
-1.656552
-2.109722
-5.057320
-5.340439
-1.043212
-0.476542
0.438462
-2.463929
-4.845390
-3.045121
-2.747679
-0.155064
-3.563696
-2.925519
-0.091470
0.640890
3.022575
1.647734
1.470183
0.093384
1.714698
1.534568
4.680456
4.596529
2.294679
0.395842
-1.368600
0.340750
3.304719
-0.309720
0.823276
-0.103698
0.135900
-1.506335
-3.198607
-3.147765
-5.265473
-3.265154
-3.043728
-1.747119
-1.791996
-0.024421
-0.837075
0.418843
3.511894
3.998265
4.332393
3.584531
0.225346
1.575684
1.384933
0.744706
3.093541
5.882929
5.860209
4.769218
5.978981
4.279113
4.209609
2.427703
1.561177
0.188434
0.104711
0.367139
-2.630852
-3.518683
-4.670740
-2.636217
-0.788937
-0.621184
-0.453087
-0.286368
-1.046431
-2.797943
-6.706948
-8.802257
-10.167982
-10.295637
-9.660471
-10.067780
-9.046831
-8.597128
-8.961998
-8.986632
-9.432158
-5.503812
-3.323560
-4.579574
-5.404598
-5.613714
-6.485385
-6.577446
-5.848071
-5.191410
-2.052805
1.359627
1.972540
1.523631
2.406833
3.578455
2.026473
2.736964
2.868171
3.084191
3.429132
-0.875487
-0.586399
-1.277647
-2.010700
0.198386
0.824572
1.274186
2.208473
2.662160
2.288585
1.432120
1.402816
1.335630
0.038906
-0.311513
-0.714114
0.157862
-1.026750
-2.247381
-1.495705
0.494410
-1.272259
-0.431704
0.122731
-1.145339
-0.516270
-0.232745
-1.896641
-2.755237
-1.338139
-2.813997
-3.165971
-1.228812
-0.931865
-1.174491
-1.443840
-3.206725
-1.004084
-0.256650
0.751283
0.492307
-0.045572
1.041075
0.579228
-0.155350
-1.071249
-1.418329
-1.335347
-1.394568
-2.480594
-2.700701
-2.583017
-3.329815
-4.250955
-3.883218
-0.662408
-0.026315
-0.002170
1.094569
-0.683350
-1.065943
0.633949
-0.683039
-0.947928
1.720268
1.900053
2.953172
5.138932
6.295853
7.037418
7.406135
8.976692
7.128786
8.909370
10.080904
10.014053
8.287927
4.962400
3.301388
2.796958
2.652107
2.602419
3.052946
4.345125
1.228907
1.413327
1.736949
-0.105236
-0.576408
-1.026258
-2.310458
-4.348355
-1.933251
-2.126561
-3.513557
-7.151803
-6.104374
-3.326455
-1.207639
1.075447
0.549706
2.095257
1.297694
1.636359
2.158315
1.026566
-0.283230
-0.620201
-1.794266
-2.300093
0.015643
1.342721
-0.369164
-1.540051
-2.539365
-0.649867
-1.703905
-4.093766
-3.726436
-6.761348
-6.214272
-7.355430
-5.224214
-6.307010
-5.744906
-4.974256
-5.386580
-6.691006
-5.316259
-6.887385
-7.454742
-7.624744
-5.434759
-6.620856
-5.370918
-5.895861
-4.602998
-2.457865
-4.376232
-3.566074
-3.892822
-3.496932
-7.036685
-8.068253
-8.998104
-8.954168
-9.740463
-9.620323
-9.892056
-6.114918
-5.378876
-4.620790
-5.355620
-3.146458
-5.168859
-3.445358
-1.742130
-0.896801
-1.521511
-2.244539
-0.740022
-0.868608
1.614447
3.455203
3.216153
2.540468
5.193265
7.650644
7.255807
4.762277
5.569565
4.890057
3.647200
3.701783
5.341070
5.825205
5.508672
2.979794
3.230161
4.882617
2.821455
0.553258
1.592313
0.793851
2.805670
2.859972
-0.095979
-0.853016
-0.501248
-0.234098
-0.354065
-0.174464
0.205500
-0.393012
0.317938
-0.281261
-1.788975
-1.223557
1.165546
1.814775
3.108481
3.034192
2.687779
2.896302
2.284332
1.016150
1.818235
2.232573
3.217367
3.534407
0.954841
1.044114
0.708802
0.206985
-0.536404
-2.159342
-2.037133
-1.075894
-1.745253
-1.630208
-1.294749
-0.803825
-0.309862
-0.685392
-0.978131
0.543416
0.915754
-0.831525
-1.779527
-2.607685
0.210411
-0.260413
-0.169117
-1.563961
-1.973041
-1.124975
0.314981
0.512394
0.222209
0.308081
0.409285
0.713808
-0.648256
-0.313195
-0.343381
-1.904409
-1.256233
0.301750
-0.372120
2.950823
-0.223492
-0.831554
-0.195932
1.787304
1.923468
2.898832
0.537024
-0.384948
-2.270565
-2.012671
-4.126602
-6.209715
-5.763394
-5.768931
-6.306036
-4.574367
-5.439146
-6.849020
-7.885509
-9.602888
-8.165312
-7.534256
-7.255071
-6.192372
-4.979100
-6.459088
-6.173007
-6.248149
-4.527149
-6.209258
-4.851811
-2.660301
-3.949492
-4.796112
-3.806073
-3.177000
-2.693279
-0.274464
-0.163896
-0.701749
-1.765208
-1.501303
-2.900762
-1.987758
-2.708781
-3.045216
-1.164104
1.757619
2.461874
2.942144
2.322881
2.554137
3.353634
4.107122
0.540560
-0.496692
-0.471627
-0.384516
1.042083
0.688117
1.115727
-0.309009
-0.661140
-3.547446
-4.206001
-1.329713
-3.241835
-4.299343
-5.000920
-4.279230
-1.648186
0.669817
0.881759
1.708910
5.902033
5.691665
5.477378
3.875702
4.437692
4.142422
4.874186
7.443044
9.622667
11.191907
11.408162
9.476724
10.822173
10.048682
9.673656
9.121449
7.221411
5.126902
6.285901
3.720523
2.074275
3.595644
4.432817
3.429765
4.879786
4.250667
5.167797
2.750111
3.029640
1.914381
3.014627
2.959387
1.689423
2.198071
3.410143
1.769176
1.531003
2.007596
-1.406420
-0.514738
0.655258
0.800532
-0.735138
-0.578393
-1.940374
-2.750416
-2.783818
-0.633786
-1.402975
-2.455661
-4.678190
-2.738530
-0.997328
-1.387132
-4.344980
-3.679832
-2.569381
-4.266694
-1.686992
-2.532048
-3.029491
-4.884511
-4.501542
-1.870302
-3.487375
1.134504
1.937431
-0.295617
-1.740916
-1.483481
-1.175252
-2.521002
-3.671014
-4.738703
-4.182930
-3.307038
-2.696453
-2.424827
-2.460608
-1.049841
-2.236861
-1.324644
-1.344337
-4.078947
-1.252777
-5.489550
-7.353504
-7.504935
-6.872524
-7.309309
-6.834643
-8.227002
-7.303419
-7.806181
-7.317871
-6.656816
-7.993421
-5.995577
-7.838458
-8.656210
-7.882860
-8.801868
-6.511090
-6.175459
-7.545127
-5.297447
-6.271391
-2.145307
-2.019156
-1.135089
-0.417603
-1.054248
-0.652185
0.769065
2.351879
1.125702
0.448027
0.731683
1.360450
2.924009
3.596831
4.254573
2.587464
4.484886
2.816875
2.042761
2.764807
-0.308754
-1.320128
0.005267
0.695071
0.410508
-0.410851
0.118851
-2.923526
-2.345089
-1.454643
-3.208367
-2.099735
-3.341193
-2.828981
-3.397073
-2.622673
-4.016635
-0.718476
-1.376067
-0.812133
1.238058
1.498159
0.713205
-0.525067
1.960507
2.660858
1.023642
4.172442
3.488614
1.934187
2.224060
4.462035
7.031777
6.431376
7.796494
8.136637
7.970043
6.118247
8.490614
7.378094
6.541830
7.206618
7.952605
9.368445
10.105959
8.266168
9.026763
9.004628
9.734764
11.400796
12.523011
10.827728
8.463061
7.637359
6.831281
6.425985
6.670221
5.393478
3.473457
3.620479
2.575084
2.828190
2.503645
1.421112
-1.842699
-0.814650
-2.179552
-1.682989
-1.947511
-2.625142
-3.948874
-3.838314
-3.812563
-2.435266
-3.766888
-4.105751
-4.361322
-3.982661
-2.968578
-1.933118
-0.609388
0.328702
0.992038
1.046648
1.803553
1.409482
1.290413
-1.272159
-3.421305
-3.362453
-3.045398
-3.293623
-4.464353
-6.179890
-5.996014
-4.441556
-3.776673
-2.663814
-2.233929
-3.422560
-4.234593
-5.907323
-7.165853
-7.747710
-8.927223
-10.377595
-7.124572
-6.366821
-3.419228
-2.399635
-0.529300
-2.614525
0.026097
-0.233401
1.284065
-0.255368
-0.302059
-0.246794
-2.069017
-2.399697
-3.001959
-2.112064
-1.529179
-0.166795
1.614139
3.661274
2.423947
2.823287
1.853228
1.707678
0.745576
1.158370
1.769060
2.730294
2.203925
-0.681973
-1.714014
-2.467978
-2.635448
-0.490860
0.296392
0.601775
1.321089
1.322742
1.609686
0.291715
1.748960
3.174562
3.053997
2.637793
3.534440
3.553714
3.315261
4.169927
3.350735
5.339772
7.066569
6.552463
6.758833
6.574240
6.332377
5.909601
4.219659
4.687046
4.719307
5.097439
2.734932
0.783392
-0.838283
-1.560864
-1.982191
1.104243
-0.902404
-1.949393
-1.770888
-1.110634
-2.355418
-1.055349
-2.390740
-2.856100
-0.675072
-0.647293
1.431375
0.414709
0.062467
1.092899
0.942094
1.250003
2.412416
1.619206
2.368867
1.752247
2.682008
0.922139
1.591987
1.446767
1.642686
1.711484
3.185086
1.344470
-0.866258
-1.937014
-5.395776
-5.611218
-7.136691
-8.721810
-7.180578
-6.222308
-4.155093
-0.795164
-3.603827
-8.332215
-9.170513
-6.674059
-6.453653
-6.406930
-8.236725
-9.722973
-10.043859
-9.140465
-11.059802
-6.621796
-4.975961
-5.251622
-3.351731
-3.193086
-4.769872
-3.893094
-3.980561
-6.704034
-6.831558
-3.406588
-4.022280
-3.202187
-2.257245
-0.548575
0.847853
1.858149
2.448744
2.712040
3.959382
1.473158
1.916269
3.106336
2.247922
2.169089
1.577580
-0.977311
-2.385226
-1.994748
-1.607668
-1.434173
-1.910643
-4.158337
-7.165254
-10.015387
-9.380770
-9.381346
-9.200766
-9.751572
-7.573937
-7.846028
-6.579467
-6.777529
-7.872267
-8.912168
-7.405905
-7.458888
-5.311005
-5.051899
-5.912455
-5.406276
-1.928229
-0.527090
1.095819
3.376435
3.066553
3.529041
2.956715
3.151299
0.512741
-1.490244
-1.153220
-2.297917
-2.485746
-1.628584
-0.794015
-0.753930
-0.615397
-0.168740
1.297781
0.737881
0.400605
0.479336
0.791220
-1.582649
0.146540
-1.757241
-1.279406
1.455593
1.391794
3.747638
1.965201
3.949427
3.479215
2.870639
1.606743
3.249335
-1.059167
-1.523167
0.130781
-0.085978
-1.684465
-3.179916
-2.265473
-1.272546
-4.941324
-2.703841
-2.353755
-3.356380
-1.808402
-1.325991
-2.774795
-4.206812
-3.100641
-1.572335
-1.317361
-4.417761
-2.190464
-3.630023
-5.498500
-6.016823
-6.913719
-6.090844
-6.055341
-7.151078
-6.717321
-6.585750
-6.436443
-6.099668
-7.935000
-9.011446
-7.498041
-7.420058
-5.172360
-3.476740
-3.504777
-2.801376
-1.965462
-0.362875
0.092147
-0.747238
0.928043
0.379615
-0.382805
0.503245
3.161783
1.895211
-0.436606
-0.434080
0.270868
0.843552
-0.894714
-1.024950
-0.574490
-1.369273
-0.947745
-0.074633
-1.369238
-1.588587
-1.194181
0.748675
-0.813718
-0.944289
-2.544230
-3.726390
-2.864989
-1.566963
0.042206
0.213930
-0.025426
-2.104756
0.017813
0.283530
-1.273058
-3.895100
-4.371711
-5.516031
-6.153063
-8.070968
-9.932281
-9.384656
-9.407837
-9.962605
-10.427351
-9.400986
-11.182176
-13.711974
-12.903082
-12.916990
-11.086739
-11.732850
-15.392668
-15.266281
-16.613491
-17.401340
-17.240107
-15.682468
-15.096476
-13.297235
-13.042345
-15.493450
-14.760710
-13.219193
-10.208843
-8.343171
-9.150124
-6.876787
-8.742549
-8.437427
-7.853850
-5.277788
-0.840239
-1.197802
0.727376
2.846875
2.288698
3.367507
1.981161
0.965136
1.141788
4.023713
3.519123
4.209967
3.065894
1.156995
2.670420
1.368928
3.725921
2.830536
0.562510
1.750209
2.394250
2.653424
1.716289
0.351694
-1.147015
-0.481505
-0.134769
0.591621
0.917488
0.216419
3.671048
3.573557
3.407474
3.794736
3.419909
3.314159
3.187048
3.584506
3.862221
2.440357
0.098493
-0.230408
0.054867
2.830717
3.699503
3.525321
4.438546
5.043212
6.536042
4.560300
4.325699
2.683284
1.509697
-0.227172
-0.771236
0.558483
0.677313
-0.434911
1.000030
1.904328
3.616670
4.369579
4.698985
6.820343
8.350808
7.779628
7.745837
7.724018
7.207935
7.657310
5.790056
7.935699
9.021045
9.921477
10.836450
12.074990
10.867383
11.292764
10.652438
9.236856
8.823199
9.034893
7.379911
5.227673
5.539044
5.527970
6.608016
7.908410
6.901502
7.028742
7.759173
6.917297
5.460258
7.020131
7.544564
5.729580
6.370388
5.478210
6.400527
5.702240
4.136692
3.322858
4.036228
3.015819
2.436353
0.255709
-0.673061
-1.280311
-0.569405
-0.730886
-0.179101
-0.961502
-0.558110
-0.153780
-2.020764
-0.811709
-0.710344
-0.926524
-2.542162
-2.386595
-2.136307
-2.102865
-1.874175
-1.104982
-1.183767
0.253244
1.203101
-0.665671
-0.591816
-0.081955
-2.350377
-1.052655
1.628666
0.799548
2.432472
2.279298
1.983843
3.649677
2.607259
2.339760
2.642710
3.186054
4.842330
3.520709
4.783531
5.318051
4.558808
6.345027
6.818681
6.033595
6.631200
6.733779
4.361895
1.238073
1.060054
1.812103
1.455642
0.514539
0.532675
0.938906
2.309970
3.466489
0.441340
1.800660
-0.056086
-1.214420
-2.009706
-3.448612
-3.878410
-2.097021
-0.454355
-2.413824
-2.589862
0.640724
-0.020619
-3.107731
-2.189533
-0.535052
1.567396
2.226329
0.556547
-2.346619
-2.427045
-1.502023
-0.026506
2.576313
4.135569
2.930885
3.655244
2.750806
2.485518
2.912039
3.325027
4.542758
4.390482
4.959877
3.625409
1.241952
0.190823
0.901643
0.231138
0.143450
2.551643
1.563756
-1.118940
-2.430017
-4.260849
-2.953826
-3.656045
-3.884366
-5.378335
-4.286919
-2.446259
-1.945980
-2.031796
-1.928493
-1.652956
-0.589765
-1.802290
-2.705379
-1.217866
1.090310
-1.339917
-2.245432
1.159189
0.992268
0.654509
-0.048492
0.498204
1.266722
2.152072
0.549330
-0.469696
-1.747621
-1.861430
-1.292125
-2.089842
-3.969725
-2.798260
-1.659181
-2.025327
-4.512169
-3.207919
-2.447892
-5.233880
-4.844026
-3.218343
-1.972873
-3.284764
-4.387016
-4.176864
-2.660290
-1.840886
-3.614504
-2.322570
0.098045
2.364154
4.217687
4.117846
1.197403
0.950204
1.402639
1.417421
-0.167649
1.145642
0.284403
0.471123
0.962517
0.187965
1.071931
0.212494
1.058104
0.628824
2.379777
1.582143
-0.222559
-0.394038
-0.325660
0.240774
1.582085
1.556234
1.373375
1.262031
2.536089
2.332260
2.182773
1.884000
0.772210
4.592856
5.005053
3.780154
4.375196
2.946929
4.056373
4.286193
2.072586
0.198773
-0.692196
-0.456504
1.358373
0.267123
1.651584
0.133190
-0.660968
-1.527733
-1.341659
-1.481032
-1.211387
-3.594044
-4.704208
-4.511163
-5.676129
-3.229455
-5.394057
-5.282958
-2.966182
-1.704057
-1.106895
-2.176024
-2.765997
-0.523873
-1.646688
1.002705
2.143187
0.697912
2.142260
1.253526
2.832218
3.810177
4.252498
3.543994
3.304528
1.244143
1.908814
2.147790
2.204191
-0.089849
-0.499927
-0.848804
-0.694148
-0.451290
-0.716342
-3.266654
-3.678443
-0.240262
-0.135301
1.857852
1.067797
-1.412814
-1.022236
-0.526221
-1.468431
0.318144
2.201532
2.350573
0.729006
3.933077
4.501174
5.918406
4.294374
2.965076
6.365650
8.119815
7.395700
6.488981
5.951961
4.824527
4.856242
4.508772
3.396641
3.458281
3.221960
1.637558
-0.183829
-2.229731
-2.084093
-3.216526
-3.302459
-4.738841
-4.591858
-6.821700
-9.568393
-9.109373
-8.050133
-7.835752
-6.369188
-5.785592
-5.148018
-3.245577
-2.854751
-1.290626
-0.115585
1.105739
0.767641
0.982414
1.688467
-0.319366
-1.019384
0.480048
0.686020
4.990185
5.457117
5.547541
3.461808
3.575255
1.362065
0.838333
-2.184474
-2.057585
-1.214425
0.373219
-1.619938
-3.360447
-3.146767
-2.990388
-3.476564
-2.081495
-3.031626
-1.905333
-1.696735
-3.125268
-3.024496
-4.342363
-3.069999
-5.064115
-6.373959
-6.581607
-5.290407
-5.870733
-6.245588
-9.296218
-6.999177
-7.180532
-7.002927
-5.603673
-5.712189
-3.541276
0.267637
-2.150428
-2.698642
-4.040126
-3.947043
-2.907725
-4.449313
-2.987503
-3.429160
-3.435987
-2.550261
-2.852426
-3.433067
-1.530687
-3.094509
-1.678273
-3.708192
-4.893585
-4.596561
-5.078268
-4.691526
-3.584017
-2.268777
-0.910072
0.764813
1.449374
3.859892
3.549243
8.455900
8.200359
7.287938
7.565025
8.573097
7.130027
6.279875
6.785863
6.607603
6.646977
6.748954
6.293744
2.948643
2.702675
0.976091
0.873474
-1.147445
-1.585720
-1.542891
-2.047784
-4.661187
-5.267212
-4.978719
-3.234354
-4.241854
-4.219023
-2.668585
-3.884896
0.566208
0.889782
-0.790353
-2.185066
-3.466864
-3.956220
-2.999539
-3.459583
-3.960035
-4.536265
-4.674425
-3.869801
-4.295910
-3.528142
-2.510531
-3.133742
-3.416019
-3.641027
-1.954306
-2.347617
-5.738648
-5.559810
-4.466688
-2.569715
-1.358018
0.955356
0.550125
0.319143
1.470783
2.576893
1.489930
0.383576
0.345968
-1.464606
-1.334801
-1.040424
-0.929452
-1.318463
-2.833762
-2.163042
-1.732320
-2.948416
-2.425590
-4.652765
-4.016812
-6.728277
-7.025414
-6.119583
-5.306530
-5.885368
-8.386064
-7.352798
-7.161386
-4.381580
-5.628794
-7.335330
-6.097159
-5.391268
-6.567942
-6.976140
-6.748787
-5.774153
-5.423274
-5.336515
-5.486165
-5.424288
-3.787197
-1.893487
-2.611704
-3.587899
1.068811
-0.590324
-1.984440
-1.410122
0.891217
2.907021
3.347262
2.354118
1.349181
2.106607
2.773583
4.835225
3.294692
2.229818
2.107695
3.527496
1.899326
0.401156
-0.405852
-1.124456
-4.018293
-2.366583
-3.225928
-2.528942
-4.137688
-5.124292
-7.272240
-3.663649
-0.951775
-1.802363
-2.572980
-5.891201
-3.588790
-3.542938
-3.893608
-4.255899
-3.045116
-4.806275
-4.391514
-4.123833
-3.653994
-3.842236
-2.551827
-6.075880
-6.047128
-6.237365
-5.198748
-6.573178
-6.900336
-5.088805
-5.891373
-3.578166
-2.664180
-1.557768
-0.815551
-0.001442
-1.002111
-0.625334
0.012907
0.790518
2.994935
2.134581
1.959394
3.695146
3.417287
3.620482
1.922979
1.079812
0.700839
0.847632
1.579279
1.089611
-0.208840
-1.875719
-1.135042
-0.956258
-0.948379
2.388937
0.915434
0.404059
0.036227
0.038311
1.751137
3.133701
3.416119
1.863309
2.953940
3.256159
4.925169
3.603393
3.929793
3.454421
4.956202
7.072484
6.612247
8.313519
8.235912
5.318048
7.105502
6.493579
7.295442
7.771408
6.183783
2.274092
2.652966
5.669417
6.009233
6.003707
4.715241
4.277712
3.382502
5.537865
1.946510
1.493693
1.753524
-1.790770
-0.766921
1.147577
1.187775
4.130157
2.252553
4.442017
4.406347
7.596672
6.525491
4.263466
4.142872
2.752216
1.204027
2.693026
0.756695
0.549189
1.862032
2.464032
2.889524
2.741602
3.007398
2.205756
-0.383397
-2.308635
-2.310266
-4.104153
-3.206449
-3.281291
-1.223339
0.147512
-1.046312
2.562011
4.410154
3.403904
6.421365
3.498198
4.619120
3.256907
2.521143
4.821860
3.632076
3.392677
5.319758
5.740753
5.109834
4.948271
4.733253
5.566749
5.640423
4.622481
6.715037
4.708031
5.074080
4.814931
3.284806
4.501030
4.260385
4.138639
4.677426
2.071884
3.727050
4.368924
2.890551
3.705446
5.397459
5.019589
5.305457
3.715292
2.119303
3.700559
2.374192
1.736485
0.026089
1.417299
1.192461
0.432416
-0.772974
1.405113
1.338269
2.411522
2.385481
0.652365
1.529026
2.450215
0.118067
-0.031339
-0.360846
-1.592999
-1.497241
-3.328673
-2.941634
-2.152826
-0.156171
-2.171708
-0.424045
-1.861821
-0.934009
-0.534908
-1.387754
-0.009440
-0.845361
0.272207
0.714425
-0.493391
-0.246680
1.350523
1.522311
4.100858
3.590515
4.325155
4.271253
2.650144
1.548351
1.998502
3.031476
5.349540
5.684082
2.998128
4.299490
1.644201
1.287093
1.060231
1.318085
0.165905
1.252460
-1.168667
-0.507397
-2.869483
-2.121866
-0.132128
-1.087460
0.092811
-0.763315
0.009597
-0.666735
-1.206173
-2.363066
-0.332114
-2.057412
0.209112
0.812509
1.472520
3.471204
3.695511
4.513087
7.408846
5.773424
8.694439
8.928299
6.090540
6.451809
6.826224
8.831204
7.879463
6.320664
7.178451
8.623852
8.314766
7.358206
6.644166
7.695121
5.657623
2.733377
3.977445
4.241102
2.131158
3.087675
1.140916
0.090619
0.611427
0.815179
-1.510629
-2.739461
-3.626304
-2.455317
-3.215580
-3.724185
-5.737013
-3.137197
-3.918574
-4.253103
-3.894042
-2.571743
-4.872944
-5.179051
-5.185240
-6.851679
-5.906015
-5.895294
-6.685585
-5.856634
-2.793925
-2.284672
-0.516907
0.148393
-0.232007
-1.064725
1.618642
0.660719
1.223429
-0.874257
-0.817066
-0.866778
1.735950
2.195939
1.995585
5.199712
4.777468
5.949760
7.257405
7.407068
6.776135
7.390887
6.275010
6.496001
8.312285
7.837148
8.011064
8.996361
10.703493
11.456322
11.146254
10.486794
8.696241
7.494568
9.785586
8.823577
7.387519
6.487617
5.051478
5.884417
4.934998
3.806268
6.965948
6.813424
4.979649
5.712606
4.299426
3.203320
1.829948
3.788827
5.661368
4.852647
6.140433
5.444827
5.308825
5.564300
7.074661
6.740378
7.220017
7.307889
6.496667
5.516892
3.926002
1.561425
2.152057
1.986597
2.166490
3.215402
2.803377
-0.563238
-1.605959
-0.794301
-0.400951
-0.877854
-2.726640
-4.833276
-4.890324
-4.989818
-5.001057
-6.008930
-6.793111
-6.088311
-7.163124
-6.007239
-5.992017
-6.896340
-7.161540
-9.045460
-9.520761
-7.609993
-8.157100
-9.819165
-9.954490
-10.914815
-10.862819
-10.166162
-10.647693
-10.762435
-11.313876
-10.693780
-7.336931
-8.251315
-7.836457
-7.164627
-8.124259
-8.217637
-8.292738
-6.378684
-7.140729
-7.263416
-8.691071
-7.041084
-8.494360
-8.025656
-5.528887
-6.361613
-5.639757
-5.823493
-5.871510
-7.636678
-9.652928
-8.715033
-9.707280
-10.784732
-9.545994
-7.975547
-7.225044
-8.798955
-6.949675
-8.517370
-5.729735
-6.506413
-6.704712
-5.078104
-6.446146
-5.036355
-4.972921
-3.560328
-1.693379
-0.480412
1.433242
1.612136
3.494035
5.108156
4.114079
3.522562
3.404909
2.480934
3.334674
3.636487
3.795173
3.979546
3.714727
3.565205
3.536471
3.363929
3.742549
3.472549
2.139649
1.145046
-1.046121
0.702413
-0.536689
-0.925744
0.908351
1.561700
1.118805
2.893708
1.437083
1.177541
0.471521
1.922692
2.510566
4.387383
3.793642
5.607750
3.993916
3.677408
3.021629
2.430547
2.231193
1.565949
0.098695
0.541329
0.709456
0.605641
-0.839240
-0.290995
0.637515
2.419792
1.934857
1.094588
0.925576
-0.700583
-1.143322
-2.351334
-1.267968
-1.128075
0.264647
3.388113
5.437305
2.455441
3.871716
3.238401
1.500020
1.129419
3.195705
0.626220
0.534876
-0.651860
-0.262175
-0.713325
-2.171209
-1.921921
-0.491407
-1.294797
-2.809874
-4.067388
-4.552508
-5.874361
-7.020455
-5.242249
-4.215115
-5.667407
-5.135427
-5.814367
-6.605973
-4.737918
-5.426530
-6.112962
-5.203397
-3.448754
0.532847
0.349244
-1.505122
-1.761013
-0.481383
1.082456
1.628823
1.270913
0.676455
1.111856
1.397111
3.195041
2.486503
5.373616
6.466933
5.438567
7.040065
9.068550
8.882999
9.307605
8.834740
9.083767
9.603570
9.946841
9.355121
9.643121
8.963034
9.563483
8.964426
8.793909
6.848116
7.622896
8.577929
6.634832
3.467432
6.081798
4.143630
5.049742
4.129039
3.998094
2.317360
0.136584
0.707891
-0.816859
-0.326577
-1.926648
-2.642095
-5.401033
-3.873832
-4.751937
-3.159234
-2.739154
-3.085308
-4.976756
-1.166221
-1.364936
-1.092173
-2.283726
-2.696979
-2.840611
-2.555457
-1.059195
-1.455309
1.101303
1.765381
3.045773
5.176455
8.143243
9.347421
10.214383
10.804906
9.265813
9.726035
11.750421
12.301667
10.617446
10.121765
11.697710
13.184233
10.547085
10.645893
9.997269
10.757568
11.253704
10.938686
10.576334
9.194971
7.331258
6.192211
5.885840
4.446194
3.031009
4.402360
4.058562
1.953078
2.546938
1.362446
0.051758
0.253581
1.504245
0.597589
0.579790
0.388142
1.628525
0.815599
0.982470
3.168280
4.868285
4.085250
4.767404
4.929449
5.448133
2.149780
2.147708
5.376293
1.495516
3.084348
3.442278
1.461475
0.957301
2.873141
5.247533
4.370960
2.144801
1.876278
1.469011
-1.366313
-1.133125
-0.538059
-1.661252
-1.431948
-1.130398
0.109059
2.318479
-0.709296
2.876701
2.044899
0.890805
1.284423
0.832913
-0.069714
-1.633585
-0.255135
-0.014044
-0.238295
-0.034397
2.539390
1.615589
2.590653
3.780710
3.584743
4.927293
4.404233
1.793967
1.889497
3.107849
2.773375
2.373626
3.002366
5.114493
5.604963
4.203653
4.034465
3.731188
5.541452
5.027555
4.725611
4.163418
2.750014
0.919668
1.120397
0.378592
1.153449
0.119444
0.824644
0.436595
0.911800
2.632173
2.563824
1.270526
-0.718695
0.243546
-0.702340
0.944528
-2.110980
-2.337250
-4.143829
-1.518376
-0.124047
-0.221203
-1.653760
-2.021336
-1.189990
-0.447308
-0.510142
-1.431250
-0.978495
-1.726162
-0.877080
-0.277997
-1.107789
-0.806949
1.261633
-1.269375
0.947161
2.144572
2.740866
-0.762748
-2.027406
-0.214476
-0.019532
0.708925
3.098631
4.940279
3.970009
3.795805
2.870157
2.525578
0.479907
1.251199
2.749171
4.727726
4.117231
3.765073
4.506382
4.264339
3.963130
4.644062
5.148263
5.579648
8.034515
8.347404
3.381534
1.343251
2.270916
1.660478
1.860736
2.496632
5.474590
1.509813
2.278078
-1.570590
-3.611038
-1.342423
-3.083971
-3.581064
-2.746993
-1.858907
-3.577220
-4.695636
-5.766070
-7.492566
-4.808792
-3.862798
-3.401319
-4.012532
-3.207030
-3.927001
-3.990303
-0.370507
-2.097138
0.316292
1.707621
1.836383
3.016239
4.139146
4.215072
3.816168
4.055799
3.811053
4.192621
6.105490
5.962294
5.720934
3.816621
3.715128
3.725837
3.152839
0.927509
0.341172
1.053939
1.103737
1.419933
0.996298
-0.598393
-1.582222
-1.621897
-0.457414
-1.163852
-1.235691
-1.513075
-2.549752
-2.753626
-2.914140
-0.710043
-0.063235
-0.354583
0.801089
3.023545
1.874840
2.620915
3.050967
3.218308
1.426379
2.919810
2.435021
1.733207
0.206904
-0.271037
-0.154305
-1.430972
-2.269692
-1.755411
-2.498187
-4.558350
-2.438636
-1.423635
-1.917937
-3.742602
-4.993048
-4.968096
-4.484853
-5.309595
-5.359717
-5.650822
-4.435645
-5.730581
-6.538068
-5.231018
-3.378763
-4.947285
-3.637763
-3.872195
-4.164520
-2.999223
-5.716889
-5.163417
-3.143903
-3.444024
-3.673917
-5.153777
-6.798506
-4.788483
-3.800135
-3.481688
-3.431303
-3.375317
-2.829541
-3.109392
-4.484868
-1.219412
-0.943308
-0.149478
0.865135
-0.048325
2.139067
2.850382
1.953778
1.523068
3.707864
4.739930
3.779210
1.723692
1.309659
1.413249
-0.011812
2.059242
3.140910
5.799510
6.268834
6.962029
6.485109
5.588595
7.445151
7.617422
7.043540
4.131524
4.285425
4.002231
4.765330
5.720690
9.377579
8.215722
7.519433
8.302120
9.680499
7.125017
6.336646
5.272968
3.973541
1.013445
1.408975
1.653607
0.011194
0.623049
1.313826
5.519123
3.195415
4.777158
3.856835
2.534246
-0.986751
-0.325517
-0.087908
-0.507227
0.226734
1.779155
3.072253
2.482720
1.707150
3.303131
1.603970
0.203640
1.611767
4.254807
2.970968
0.599224
3.517849
2.148510
1.322522
2.613083
4.529098
3.446943
4.760753
3.532011
0.642484
1.521938
-0.747124
-0.994367
0.338454
-2.190654
-1.922281
-1.830817
-2.603015
-7.003038
-6.430101
-5.662226
-6.393488
-6.002656
-5.084879
-6.179532
-7.281687
-6.545241
-7.827118
-5.730550
-4.983557
-7.046552
-4.769020
-4.870143
-4.316438
-1.972555
-0.011286
-0.847556
-1.131416
-0.191241
1.683565
0.895588
-0.851506
-1.182082
-0.551614
0.490843
2.562427
3.982243
4.674154
2.230770
2.182985
3.852313
3.284588
3.486772
3.233464
1.818108
-0.075423
0.839308
0.803981
1.322370
0.705794
-0.318339
0.685246
0.647280
-0.099104
-1.473254
-5.100325
-5.515454
-6.220170
-6.173751
-5.205688
-5.463593
-5.935662
-5.367839
-6.647006
-6.171515
-4.589837
-5.070325
-6.512266
-6.082526
-6.678577
-5.898045
-5.433120
-4.431495
-5.137717
-4.632164
-5.232853
-6.829052
-5.705293
-4.708291
-5.640283
-5.667322
-5.360350
-4.419782
-3.307639
-2.353035
-3.422849
-2.312502
-1.399557
-3.468765
-6.167681
-7.258388
-8.242950
-8.840180
-8.240031
-9.940850
-6.871693
-4.514906
-6.030879
-5.235405
-3.803270
-4.079318
-3.190362
-3.884919
-3.308924
-3.880569
-3.997601
-3.156655
-1.835300
-0.122994
1.653102
1.594351
0.167125
1.082658
0.711897
0.829195
0.944343
-1.530302
0.707251
-0.000077
-0.524077
0.653540
0.290310
0.170289
-0.178486
2.224108
2.520851
0.489713
-1.415581
-1.645215
-3.540197
-1.811894
-0.077019
-1.533171
-1.609454
0.985223
0.454865
0.839560
-1.707856
-2.103441
-1.479174
-1.656444
-0.569833
-1.262539
-2.671276
-4.877598
-4.905890
-4.167731
-2.110474
-1.722309
0.425464
-0.541248
-2.255804
-0.639903
-0.096472
-1.586234
-2.919990
-3.821894
-3.157084
-4.879938
-4.659553
-5.736077
-9.045568
-7.918812
-6.881693
-6.976545
-7.093333
-6.961969
-7.784328
-7.612875
-5.752038
-4.431883
-3.718521
-4.351046
-2.195966
-2.179133
-1.026383
0.157708
1.914492
2.008710
0.247324
2.199928
2.500315
2.030528
2.329625
1.814511
2.255183
1.603154
1.113541
0.654458
-3.146402
-4.258589
-2.100225
-0.457446
-3.104919
-2.037183
-1.202895
-0.275492
-1.498132
-0.770566
-0.615366
1.135195
2.671799
3.337476
3.459627
2.142149
-0.119397
2.109576
0.935716
0.569070
0.615459
-0.509232
-3.069376
-3.951002
-4.216277
-4.377709
-5.012217
-7.108751
-6.309375
-5.254471
-3.514416
-6.537017
-7.809848
-9.403361
-9.652555
-7.905241
-6.833816
-7.685151
-7.551952
-6.379997
-4.691257
-3.917955
-3.263774
-5.030943
-5.462654
-4.070241
-5.807610
-3.561746
-3.565517
-4.021622
-4.738689
-6.064450
-4.452746
-3.375645
-2.293654
-2.127474
-1.710361
-2.720025
-0.251810
-1.272507
0.088475
-0.427712
-0.847641
1.632601
3.582998
1.172184
4.132834
4.232164
3.146795
2.931752
4.078000
5.724443
4.936264
3.697658
1.766103
2.804734
3.907599
4.972487
4.235660
4.309596
1.329449
3.295085
3.993227
2.823489
2.312417
3.040586
1.395147
1.010084
0.932930
-0.044711
-1.931840
-1.386282
-0.948260
-0.230516
1.588139
2.205461
0.901364
0.766504
-0.185721
0.402281
2.289285
0.335917
2.370979
2.252328
2.576219
4.207811
4.008010
2.011684
2.078166
3.170278
4.123087
2.551469
1.923922
3.243684
1.658430
0.047443
0.245368
-2.323188
-3.063594
-3.710018
-4.126558
-4.516607
-6.910591
-8.519997
-8.814307
-10.077227
-8.934002
-5.582276
-4.287849
-2.985250
-3.657990
-3.007444
-3.363215
-4.909933
-4.449424
-5.881720
-5.479292
-4.283402
-2.287277
-3.139673
-1.575119
-1.623190
-0.720572
-1.406074
-1.334623
-0.817900
-0.219743
-1.601324
-1.619231
-1.495049
-0.458710
1.103847
1.093432
2.072394
2.878503
2.098994
2.053824
2.570410
3.067486
5.669515
4.190518
4.812250
3.790344
7.003008
5.770548
5.099394
3.626486
3.647661
2.766806
1.988917
1.755502
-1.043161
-0.601002
0.656490
-1.480404
0.713553
0.597696
0.365322
-1.695967
-2.125554
-1.123147
-1.812689
-1.377665
-1.983758
-0.204949
-0.479806
-0.493026
-0.295238
-1.690360
-2.970279
-3.041177
-0.632513
-0.491016
-1.405966
0.017553
1.881585
2.452870
3.759126
4.938715
4.423308
0.421676
1.214694
3.401083
1.845378
0.393224
1.632900
3.319641
3.153904
4.998588
5.013528
5.047427
3.708115
6.529688
5.890946
5.688588
3.937907
1.437784
0.454015
0.641137
-0.492794
4.241323
5.280181
2.469277
1.832981
2.843245
2.923171
2.157980
2.234593
2.876705
3.929738
3.384221
2.399476
-0.259353
-1.299401
0.691671
1.884632
4.601561
3.284089
1.684210
1.086568
-0.297916
-2.426321
-0.398606
0.254803
0.698355
0.217578
-0.482254
0.289702
-0.376126
-0.533428
-0.439253
0.998882
1.976171
4.487977
3.307988
3.659637
3.429443
5.545034
6.681367
8.643665
8.841205
10.464282
9.473688
10.960524
11.563303
10.099800
10.731507
10.534461
9.579700
10.359238
9.501122
8.188023
6.149312
5.211132
4.231232
3.499424
4.823960
3.585345
3.686235
2.791741
1.813612
2.991861
1.456731
1.107956
1.318949
2.920914
2.240908
0.574540
2.058825
0.415497
2.531876
4.827420
7.807323
6.627275
8.382115
8.461640
