4.982602
-0.984180
-1.740146
-6.003512
1.278147
1.374950
4.246012
-2.910700
2.324326
-0.060205
0.229549
1.170688
3.930564
1.771879
1.574601
4.752394
-3.714580
2.610379
6.003376
2.965410
-0.231369
4.474053
1.640236
3.361010
0.240966
1.814170
5.455987
-3.436892
1.498618
2.190654
-0.027223
-2.910790
2.743845
2.304272
1.411612
-4.749227
0.672865
-4.664959
-0.403693
1.931031
5.842010
-2.860523
2.566518
3.130014
4.168758
-0.324906
7.010363
1.311681
2.151267
-1.035974
3.032097
10.751847
-1.761722
0.741469
-0.827148
1.297702
1.770559
-3.021144
1.325367
-1.642965
6.698257
0.597080
-1.879741
3.537343
2.235301
1.500957
-5.524797
5.646812
3.349266
5.700161
5.504248
6.090852
4.105627
-1.928327
1.655015
2.061907
-3.338834
-1.418679
0.398510
1.828592
-1.384242
1.744179
3.360510
-0.221892
3.777250
3.097345
0.062921
-0.818668
7.039129
4.602553
-4.896488
0.602814
-1.191553
3.982258
1.492222
6.602834
-3.523386
2.060869
6.799013
4.743880
7.292058
2.222624
-5.580447
1.447434
0.665704
-1.509827
-4.050500
-2.921538
1.852243
4.459267
1.437354
8.744585
0.084059
-4.045391
3.688650
5.524564
1.818334
-0.260224
3.318212
4.300712
0.249200
0.028281
1.402213
1.284128
9.194530
3.147637
1.455973
8.184603
4.541833
1.693877
0.325669
-0.378493
3.869816
-0.714585
1.632355
4.866960
2.240138
-0.407195
-3.385103
2.453591
-2.983142
-2.310853
-1.255314
-1.088315
-0.865150
-0.021703
5.987628
2.774419
6.087508
-0.197676
-2.603280
0.181576
-0.977958
0.595472
-6.646981
-4.790223
3.468155
-0.667778
5.820074
0.288703
-4.555617
2.088018
-0.073559
-1.586283
3.597485
3.886803
2.942761
4.880453
-1.842181
1.905482
1.359141
-2.621401
-4.201261
6.926217
-0.579603
0.819562
-1.094198
0.297243
-1.067422
2.297689
3.952034
2.926610
1.445722
1.571228
0.864454
1.558228
1.657568
0.055755
-0.437547
2.561250
1.787270
2.202051
-1.591466
-0.472842
8.335434
2.793317
1.209727
2.168202
-2.689377
-0.190526
3.574305
3.769021
1.443719
-1.972235
3.908578
-1.834950
3.861569
1.672053
0.270843
-1.964491
5.256871
2.008386
-2.057383
-4.208353
0.598850
-6.854824
2.002534
9.150512
-1.024748
1.519149
0.980599
3.876196
-2.211371
2.672879
-2.390651
-6.763937
1.159050
-5.688776
-3.419323
-2.158478
-0.383377
0.190363
-0.666708
8.930533
0.625333
3.609819
5.311093
3.024765
-0.918118
2.396929
-2.250818
-4.036005
-1.260713
0.285748
0.623728
3.528298
1.054118
-1.192242
-2.799899
-0.965122
8.417052
-0.783684
5.374756
0.809436
3.839624
0.019642
2.113045
5.907347
0.081064
-0.294403
-0.765282
5.148107
1.665448
3.544487
-5.796165
-1.177577
0.084230
-4.601799
4.627063
5.793835
-1.649721
4.320426
1.777121
2.506946
-4.903743
5.188896
-2.977571
-1.126384
-2.086984
3.461135
-0.074186
-4.258545
-1.935858
0.586210
-0.462139
2.148023
5.098884
8.487913
5.157396
-0.725529
0.270388
-3.304744
1.276767
3.688332
1.600050
2.582967
4.930919
-4.973020
-0.401576
0.693326
0.290229
-2.902710
-4.332886
-0.079446
0.581890
-0.581206
2.195713
5.754567
5.918418
-5.174794
0.019439
0.163607
-0.775021
-2.676365
9.299284
3.398120
-2.323033
-1.702570
1.064369
8.117702
-0.313071
6.941411
3.014956
1.219499
5.045953
0.944460
3.087606
3.015489
-2.105637
0.664541
-1.593504
-0.093467
-3.018556
-0.034019
3.432219
-3.053170
-1.189281
-2.453338
4.959348
-0.204910
-2.147480
1.164527
-2.913185
3.923210
-1.205076
-1.517524
-2.256539
-0.815557
-1.371174
1.365810
5.136249
1.945409
-2.978151
3.209781
0.217544
1.085443
1.500368
5.416731
-2.770737
2.202730
3.853702
5.350124
4.010972
5.243574
-0.635395
-4.204050
-1.690788
-3.087843
-3.743919
0.459547
2.067484
2.928150
4.639189
1.992967
3.163762
-1.303030
-1.344088
-0.571611
4.350458
3.510002
1.814845
-1.582586
5.555828
0.857975
2.583132
2.107189
3.188423
5.918723
-3.677643
-0.404957
-3.444827
2.888721
4.327769
1.253418
2.828924
5.137609
2.693494
2.002660
3.164150
1.772746
4.530249
-5.990432
3.568019
-2.291042
0.685122
-3.509475
2.852408
5.040124
-2.974624
4.312455
1.004140
7.281227
0.451679
2.110504
-3.476173
-0.098540
-6.233419
1.628948
-4.347082
-2.963737
2.784943
-1.873964
-3.986799
-1.761078
-0.464318
2.761592
2.278351
-2.667988
1.673683
3.624821
-2.000349
3.549501
-2.414323
2.055687
-1.892650
3.534429
-0.327814
3.804679
-2.019855
2.177301
0.761117
-1.330281
-0.342576
2.742471
5.847700
4.193789
-1.719252
-0.027191
0.651939
-0.094569
-0.052926
1.024389
5.100601
2.322861
-3.861481
5.696223
1.320355
1.955494
-0.737789
2.325413
-2.511706
-2.385966
-7.335903
-0.520982
1.030511
1.376387
-4.639670
1.230721
1.231625
3.076726
2.344125
1.646628
-2.884938
1.841985
0.624293
-3.425664
2.195583
-3.481670
2.571913
6.681931
7.901739
-4.391542
7.613493
3.217027
-2.146720
0.396956
-2.693170
-2.982050
-2.149901
-2.386676
0.747509
1.447060
-4.019741
4.447179
1.222167
1.187205
1.302581
0.966967
-0.281222
3.293760
1.277427
-1.441822
3.361126
-0.345050
0.797982
2.207250
3.985025
-0.726471
-4.207632
0.487718
-0.849006
-2.850912
4.141471
0.146273
5.559226
-0.716962
8.891898
1.736533
3.435722
-0.334908
3.150088
-1.870700
1.510667
0.924772
2.885959
1.855521
2.879032
-1.158516
-1.481896
-1.548191
0.411189
7.734927
-0.135728
-0.451893
-1.527364
-0.291007
0.425509
1.718400
1.575625
-1.284492
2.917742
-3.074597
3.487566
2.000854
3.648015
3.067413
1.337812
5.149101
6.063902
-0.780347
3.465721
0.957287
-0.094357
2.598890
0.724926
0.735326
2.529276
-5.503916
0.500106
0.797452
2.462628
1.946391
-0.217319
-2.338694
2.480995
-1.641342
-1.445750
3.030253
-0.335509
2.706295
-0.548681
2.199564
1.684558
-2.131309
1.269855
-0.809353
7.458775
-0.671347
3.024332
0.054599
1.560495
-0.340523
-1.992461
-3.904195
0.805370
-0.975272
4.992759
2.087819
-1.094377
-1.056897
4.405105
0.355349
7.237121
2.769723
2.762019
-1.353151
3.925110
-2.178930
0.512201
3.261442
0.920893
1.498034
0.079485
5.862916
-0.399396
2.886323
-1.405747
1.952176
2.077785
1.358234
-0.635147
0.158271
-2.910410
-1.186451
-0.889600
2.442302
-0.648638
4.064549
4.283796
-3.673666
2.031526
1.802800
-2.053607
2.303215
3.164714
1.319282
3.943161
-1.292043
4.497535
3.307108
-0.111528
3.367980
-1.440638
1.288847
-0.826543
6.984918
-1.348851
8.165547
-2.652966
-0.296428
5.926394
1.956929
0.454774
-1.271909
-4.198272
-0.354155
-8.399749
0.982172
-5.599739
3.563312
-0.438238
4.242255
-7.449360
-1.634735
-3.086694
-0.008592
7.218300
3.216799
4.426442
1.512989
4.792879
0.865291
-3.378934
-0.382041
7.986493
1.462620
1.598453
1.974139
-0.362906
3.139830
3.791888
7.541075
0.041477
0.062530
3.254425
3.111231
-1.507342
-0.539125
1.924738
-3.098532
3.772828
2.158394
1.808321
-5.382494
9.972670
-0.659503
1.831944
1.000145
0.007050
-1.971356
-0.549995
-1.615507
-4.873202
0.264297
-0.180651
-3.308273
-0.524969
-2.167168
-5.333189
3.340876
3.585470
-0.798371
-0.540424
-1.537212
1.149299
3.044870
0.880686
4.545872
4.510838
-1.979266
3.370247
1.333738
2.600904
1.545168
0.210733
3.878318
0.188632
0.959043
5.776937
-1.324335
-0.135083
2.812121
-1.941611
2.643332
3.186003
-2.485623
1.451509
7.060727
3.514844
-0.640276
-2.667203
4.452944
-2.522881
-0.965937
-1.414352
4.642798
0.414386
-1.102885
-2.153182
3.119326
7.719258
3.577240
6.678798
5.253800
1.854196
2.944497
-1.259046
2.677898
-1.611182
3.356110
-0.313393
4.776182
5.247073
-3.319582
0.222598
4.200304
3.492799
0.194074
4.224182
2.179504
1.980249
-0.179753
3.943969
0.621536
0.880497
4.677471
3.768705
3.057386
-0.526124
0.353917
5.654332
1.549208
3.778893
1.187381
0.667651
4.432136
1.122284
-0.029528
4.570343
-3.185535
1.175013
-0.086314
4.116434
-1.002804
0.909935
1.393013
1.508327
-3.333901
2.291013
-0.436393
4.534769
-2.384510
-1.201684
-3.887605
4.072231
1.657630
-4.130002
-0.260323
1.600216
-0.617803
0.043800
-0.560110
1.045369
-2.340295
0.320254
2.604885
-2.912140
0.316195
2.202340
3.790961
-2.526578
-0.578407
-3.618223
2.544012
3.869093
1.676287
4.504604
3.355578
2.739546
2.088467
2.862532
2.946177
-0.744399
-2.330778
0.047282
6.872353
0.947921
3.769517
5.101253
0.447176
7.199741
2.868593
-2.466250
-0.527997
2.078416
2.686162
3.886477
0.548763
4.029321
2.582862
0.097308
2.439622
0.905034
-2.899925
-3.689709
-0.658175
3.209026
1.208344
3.864521
2.862319
1.366304
3.428844
0.190979
1.749355
-1.049929
3.313804
4.213414
-0.721136
1.640349
2.218987
-4.489277
5.285311
2.791179
1.342708
-4.742629
3.155671
1.052612
-0.607012
3.625253
6.419065
-3.473586
1.866597
2.653434
-1.690967
2.450064
3.328029
-1.266379
-3.539424
2.387246
0.186635
-2.745040
-2.618814
3.990221
5.403751
0.841230
-5.139542
-0.012130
-2.020022
1.750583
3.445835
0.714304
-1.321937
1.633814
-0.004015
-1.827035
-1.140345
-1.033563
-2.871802
0.879844
0.358634
-3.040154
3.944093
-1.867935
0.763442
-1.384432
-1.169083
-1.855249
-0.803353
-2.159126
-3.390881
-0.860744
-0.444828
3.062550
-6.765144
5.087007
-1.649775
2.313620
1.915323
5.430119
-0.170014
7.950659
-3.006999
1.317459
-2.510442
-4.648173
0.739936
5.107553
-3.523990
1.985803
-0.177948
4.526884
2.193969
-3.108159
0.834731
1.861457
-0.786330
1.581538
-0.081796
1.286371
2.359577
4.961605
5.139653
-1.576885
2.230303
3.058314
0.892517
1.341445
-0.815227
3.453678
-3.019613
-0.575455
4.571045
3.174526
3.179333
2.275847
0.202697
2.068948
-1.129962
5.816724
0.603872
-0.429802
-3.909617
2.596575
0.641923
6.819106
-0.029239
1.496480
-0.862066
-3.153858
-4.010834
-1.477604
-0.528858
3.798805
0.870815
-2.099971
2.424255
-0.529469
-2.067085
2.941453
0.166264
-1.197286
4.941881
2.411733
-2.055729
3.795792
1.054979
9.680416
4.579703
-2.310451
3.468041
4.095877
0.769988
-2.233886
6.909559
4.166722
-2.988162
1.213014
-0.141511
1.115583
1.196096
4.664575
2.105162
3.331392
-2.145381
6.620585
-0.009588
6.952606
3.269216
1.958050
-3.491465
-3.487932
-1.635855
1.449342
3.335064
0.417732
1.751517
-3.603776
-1.545687
2.976180
1.624834
1.307835
0.984151
1.692340
5.804944
