-0.470806
1.348606
2.475399
5.596907
5.251180
5.397586
5.800911
5.625515
5.350278
6.100564
6.014973
4.654481
4.258908
4.436372
4.382042
1.214836
2.677317
0.252204
-1.883485
-2.228278
-0.203818
-2.648677
-2.339916
-2.416915
-1.107651
-1.820676
-1.302551
0.280307
0.497857
-0.577685
0.442088
4.996301
3.494444
2.973510
2.227256
4.242900
4.608798
5.156736
5.733089
4.541757
4.827171
5.979706
4.497620
4.633396
3.988911
4.597531
0.419145
1.864188
2.263522
4.508900
5.332950
3.779284
5.735068
4.845136
5.672523
5.927258
4.224127
4.758282
4.449330
5.606516
2.912350
3.294717
5.041467
3.788389
4.302372
4.834501
6.697074
4.541914
5.771868
5.405999
1.939088
0.109742
-1.655985
0.314210
0.259946
1.773588
1.712070
2.871920
5.005421
5.977183
8.869283
9.028765
6.048446
6.604887
5.567706
4.031982
2.660842
1.959885
0.230922
0.183161
2.294441
5.008364
5.433568
2.757685
3.489828
3.130405
4.910978
4.137280
2.977014
2.829291
0.481672
-0.249776
2.077778
2.023342
4.866284
6.418772
8.254263
11.956309
12.852839
11.931043
11.560481
8.519456
9.781374
10.891644
10.206211
9.987010
10.127612
10.078622
7.844184
7.228477
6.151028
5.371317
4.485475
3.694660
0.341433
-0.715013
0.795539
-1.007856
