3.071126
-1.251714
2.378508
0.742999
-1.088726
1.235133
-0.831808
0.656411
-0.931647
1.681933
-1.767524
0.407031
-0.802604
0.980068
-1.034397
-2.132809
3.595291
-6.020404
3.884715
-4.229507
6.253967
-8.698826
9.007587
-9.084585
10.393850
-11.106874
11.625002
-10.042143
10.259693
-11.335236
12.355009
-7.800797
6.298941
-6.819876
6.073622
-4.057979
4.423876
-3.875938
4.452291
-5.643623
5.929039
-4.776505
3.294418
-3.158641
2.514155
-1.905534
-2.272852
3.717896
-3.318563
5.563941
-4.739890
3.186225
-1.230443
0.340511
0.486877
-0.232142
-1.470989
2.005144
-2.314096
3.471282
-6.165450
6.547816
-4.801065
3.547986
-3.034004
3.566133
-1.703560
-0.451600
1.681554
-2.047423
-1.419489
-0.409857
-1.355869
3.326064
-3.380328
4.893971
-4.955488
6.115337
-3.981836
4.953599
-2.061500
2.220982
-5.201300
5.757742
-6.794924
5.259200
-6.630340
5.929384
-7.658346
7.610583
-5.499303
8.213226
-7.788023
5.112139
-4.379996
4.020573
-2.240000
1.466302
-2.626569
2.478847
-4.826465
4.095017
-1.767465
1.713029
1.129913
0.422575
1.412916
2.289131
-1.392601
0.470804
-0.841366
-2.199660
3.461579
-2.351310
1.665878
-1.885080
2.025681
-2.074672
-0.159767
-0.455940
-0.621508
-0.158204
-0.727638
-0.063176
-3.290051
2.233604
-0.723053
-1.080342
