1.327534
-0.661393
-0.913382
-2.334504
0.092716
0.124983
1.082004
-1.303567
0.441442
-0.353402
-0.256817
0.056896
0.976855
0.257293
0.191534
1.250798
-1.571527
0.536793
1.667792
0.655137
-0.410456
1.158018
0.213412
0.787003
-0.253011
0.271390
1.485329
-1.478964
0.166206
0.396885
-0.342408
-1.303597
0.581282
0.434757
0.137204
-1.916409
-0.109045
-1.888320
-0.467898
0.310344
1.614004
-1.286841
0.522173
0.710005
1.056253
-0.441635
2.003454
0.103894
0.383756
-0.678658
0.677366
3.250616
-0.920574
-0.086177
-0.609049
0.099234
0.256853
-1.340382
0.108456
-0.880988
1.899419
-0.134307
-0.959914
0.845781
0.411767
0.166986
-2.174932
1.548937
0.783089
1.566720
1.501416
1.696951
1.035209
-0.976109
0.218338
0.353969
-1.446278
-0.806226
-0.200497
0.276197
-0.794747
0.248060
0.786837
-0.407297
0.925750
0.699115
-0.312360
-0.606223
2.013043
1.200851
-1.965496
-0.132395
-0.730518
0.994086
0.164074
1.867611
-1.507795
0.353623
1.933004
1.247960
2.097353
0.407541
-2.193482
0.149145
-0.111432
-0.836609
-1.683500
-1.307179
0.284081
1.153089
0.145785
2.581528
-0.305314
-1.681797
0.896217
1.508188
0.272778
-0.420075
0.772737
1.100237
-0.250267
-0.323906
0.134071
0.094709
2.731510
0.715879
0.151991
2.394868
1.180611
0.231292
-0.224777
-0.459498
0.956605
-0.571528
0.210785
1.288987
0.413379
-0.469065
-1.461701
0.484530
-1.327714
-1.103618
-0.751771
-0.696105
-0.621717
-0.340568
1.662543
0.591473
1.695836
-0.399225
-1.201093
-0.272808
-0.659319
-0.134843
-2.548994
-1.930074
0.822719
-0.555926
1.606691
-0.237099
-1.851872
0.362673
-0.357853
-0.862094
0.865828
0.962268
0.647587
1.293484
-0.947394
0.301827
0.119714
-1.207134
-1.733754
1.975406
-0.526534
-0.060146
-0.698066
-0.234252
-0.689141
0.432563
0.984011
0.642203
0.148574
0.190409
-0.045182
0.186076
0.219189
-0.314748
-0.479182
0.520417
0.262423
0.400684
-0.863822
-0.490947
2.445145
0.597772
0.069909
0.389401
-1.229792
-0.396842
0.858102
0.923007
0.147906
-0.990745
0.969526
-0.944983
0.953856
0.224018
-0.243052
-0.988164
1.418957
0.336129
-1.019127
-1.736118
-0.133717
-2.618275
0.334178
2.716837
-0.674916
0.173050
-0.006467
0.958732
-1.070457
0.557626
-1.130217
-2.587979
0.053017
-2.229592
-1.473108
-1.052826
-0.461126
-0.269879
-0.555569
2.643511
-0.124889
0.869940
1.437031
0.674922
-0.639373
0.465643
-1.083606
-1.678668
-0.753571
-0.238084
-0.125424
0.842766
0.018039
-0.730747
-1.266633
-0.655041
2.472351
-0.594561
1.458252
-0.063521
0.946541
-0.326786
0.371015
1.635782
-0.306312
-0.431468
-0.588427
1.382702
0.221816
0.848162
-2.265388
-0.725859
-0.305257
-1.867266
1.209021
1.597945
-0.883240
1.106809
0.259040
0.502315
-1.967914
1.396299
-1.325857
-0.708795
-1.028995
0.820378
-0.358062
-1.752848
-0.978619
-0.137930
-0.487380
0.382674
1.366295
2.495971
1.385799
-0.575176
-0.243204
-1.434915
0.092256
0.896111
0.200017
0.527656
1.310306
-1.991006
-0.467192
-0.102225
-0.236590
-1.300903
-1.777629
-0.359815
-0.139370
-0.527069
0.398571
1.584856
1.639473
-2.058265
-0.326854
-0.278798
-0.591674
-1.225455
2.766428
0.799373
-1.107678
-0.900857
0.021456
2.372567
-0.437690
1.980471
0.671652
0.073166
1.348651
-0.018513
0.695869
0.671830
-1.035212
-0.111820
-0.864501
-0.364489
-1.339519
-0.344673
0.810740
-1.351057
-0.729760
-1.151113
1.319782
-0.401637
-1.049160
0.054842
-1.304395
0.974403
-0.735025
-0.839175
-1.085513
-0.605186
-0.790391
0.121937
1.378750
0.315136
-1.326050
0.736594
-0.260819
0.028481
0.166789
1.472244
-1.256912
0.400910
0.951234
1.450041
1.003657
1.414525
-0.545132
-1.734683
-0.896929
-1.362614
-1.581306
-0.180151
0.355828
0.642717
1.213063
0.330989
0.721254
-0.767677
-0.781363
-0.523870
1.116819
0.836667
0.271615
-0.860862
1.518609
-0.047342
0.527711
0.369063
0.729474
1.639574
-1.559214
-0.468319
-1.481609
0.629573
1.109256
0.084473
0.609641
1.379203
0.564498
0.334220
0.721383
0.257582
1.176750
-2.330144
0.856006
-1.097014
-0.104959
-1.503158
0.617469
1.346708
-1.324875
1.104152
0.001380
2.093742
-0.182774
0.370168
-1.492058
-0.366180
-2.411140
0.209649
-1.782361
-1.321246
0.594981
-0.957988
-1.662266
-0.920359
-0.488106
0.587197
0.426117
-1.222663
0.224561
0.874940
-1.000116
0.849834
-1.138108
0.351896
-0.964217
0.844810
-0.442605
0.934893
-1.006618
0.392434
-0.079628
-0.776760
-0.447525
0.580824
1.615900
1.064596
-0.906417
-0.342397
-0.116020
-0.364856
-0.350975
0.008130
1.366867
0.440954
-1.620494
1.565408
0.106785
0.318498
-0.579263
0.441804
-1.170569
-1.128655
-2.778635
-0.506994
0.010170
0.125462
-1.879890
0.076907
0.077208
0.692242
0.448042
0.215543
-1.294979
0.280662
-0.125236
-1.475222
0.398528
-1.493890
0.523971
1.893977
2.300580
-1.797181
2.204498
0.739009
-1.048907
-0.201015
-1.231057
-1.327350
-1.049967
-1.128892
-0.084164
0.149020
-1.673247
1.149060
0.074056
0.062402
0.100860
-0.011011
-0.427074
0.764587
0.092476
-0.813941
0.787042
-0.448350
-0.067339
0.402417
0.995008
-0.575490
-1.735877
-0.170761
-0.616335
-1.283637
1.047157
-0.284576
1.519742
-0.572321
2.630633
0.245511
0.811907
-0.444969
0.716696
-0.956900
0.170222
-0.025076
0.628653
0.285174
0.626344
-0.719505
-0.827299
-0.849397
-0.196270
2.244976
-0.378576
-0.483964
-0.842454
-0.430336
-0.191497
0.239467
0.191875
-0.761497
0.639247
-1.358199
0.829189
0.333618
0.882671
0.689138
0.112604
1.383034
1.687967
-0.593449
0.821907
-0.014238
-0.364786
0.532963
-0.091691
-0.088225
0.509759
-2.167972
-0.166631
-0.067516
0.487543
0.315464
-0.405773
-1.112898
0.493665
-0.880447
-0.815250
0.676751
-0.445170
0.568765
-0.516227
0.399854
0.228186
-1.043769
0.089952
-0.603118
2.152925
-0.557116
0.674777
-0.315134
0.186832
-0.446841
-0.997487
-1.634732
-0.064877
-0.658424
1.330920
0.362606
-0.698125
-0.685632
1.135035
-0.214884
2.079040
0.589908
0.587340
-0.784384
0.975037
-1.059643
-0.162600
0.753814
-0.026369
0.166011
-0.306838
1.620972
-0.466465
0.628774
-0.801916
0.317392
0.359261
0.119411
-0.545049
-0.280576
-1.303470
-0.728817
-0.629867
0.480767
-0.549546
1.021516
1.094599
-1.557889
0.343842
0.267600
-1.017869
0.434405
0.721571
0.106427
0.981054
-0.764014
1.165845
0.769036
-0.370509
0.789327
-0.813546
0.096282
-0.608848
1.994973
-0.782950
2.388516
-1.217655
-0.432143
1.642131
0.318976
-0.181742
-0.757303
-1.732757
-0.451385
-3.133250
-0.005943
-2.199913
0.854437
-0.479413
1.080752
-2.816453
-0.878245
-1.362231
-0.336197
2.072767
0.738933
1.142147
0.170996
1.264293
-0.044903
-1.459645
-0.460680
2.328831
0.154207
0.199484
0.324713
-0.454302
0.713277
0.930629
2.180358
-0.319508
-0.312490
0.751475
0.703744
-0.835781
-0.513042
0.308246
-1.366177
0.924276
0.386131
0.269440
-2.127498
2.990890
-0.553168
0.277315
0.000048
-0.330983
-0.990452
-0.516665
-0.871836
-1.957734
-0.245234
-0.393550
-1.436091
-0.508323
-1.055723
-2.111063
0.780292
0.861823
-0.599457
-0.513475
-0.845737
0.049766
0.681623
-0.039772
1.181957
1.170279
-0.993089
0.790082
0.111246
0.533635
0.181723
-0.263089
0.959439
-0.270456
-0.013652
1.592312
-0.774778
-0.378361
0.604040
-0.980537
0.547778
0.728668
-1.161874
0.150503
2.020242
0.838282
-0.546759
-1.222401
1.150981
-1.174294
-0.655312
-0.804784
1.214266
-0.195205
-0.700962
-1.051061
0.706442
2.239753
0.859080
1.892933
1.417933
0.284732
0.648166
-0.753015
0.559299
-0.870394
0.785370
-0.437798
1.258727
1.415691
-1.439860
-0.259134
1.066768
0.830933
-0.268642
1.074727
0.393168
0.326750
-0.393251
0.981323
-0.126155
-0.039834
1.225824
0.922902
0.685795
-0.508708
-0.215361
1.551444
0.183069
0.926298
0.062460
-0.110783
1.144045
0.040761
-0.343176
1.190114
-1.395178
0.058338
-0.362105
1.038811
-0.667601
-0.030022
0.131004
0.169442
-1.444634
0.430338
-0.478798
1.178256
-1.128170
-0.733895
-1.629202
1.024077
0.219210
-1.710001
-0.420108
0.200072
-0.539268
-0.318733
-0.520037
0.015123
-1.113432
-0.226582
0.534962
-1.304047
-0.227935
0.400780
0.930320
-1.175526
-0.526136
-1.539408
0.514671
0.956365
0.225429
1.168201
0.785193
0.579849
0.362822
0.620844
0.648726
-0.581466
-1.110259
-0.317573
1.957451
-0.017360
0.923172
1.367084
-0.184275
2.066581
0.622864
-1.155417
-0.509332
0.359472
0.562054
0.962159
-0.150412
1.009774
0.527621
-0.300897
0.479874
-0.031655
-1.299975
-1.563236
-0.552725
0.736342
0.069448
0.954840
0.620773
0.122101
0.809615
-0.269674
0.249785
-0.683310
0.771268
1.071138
-0.573712
0.213450
0.406329
-1.829759
1.428437
0.597060
0.114236
-1.914210
0.718557
0.017537
-0.535671
0.875084
1.806355
-1.491195
0.288866
0.551145
-0.896989
0.483355
0.776010
-0.755460
-1.513141
0.462415
-0.271122
-1.248347
-1.206271
0.996740
1.467917
-0.052923
-2.046514
-0.337377
-1.006674
0.250194
0.815278
-0.095232
-0.773979
0.211271
-0.334672
-0.942345
-0.713448
-0.677854
-1.290601
-0.040052
-0.213789
-1.346718
0.981364
-0.955978
-0.078853
-0.794811
-0.723028
-0.951750
-0.601118
-1.053042
-1.463627
-0.620248
-0.481609
0.687517
-2.588381
1.362336
-0.883258
0.437873
0.305108
1.476706
-0.390005
2.316886
-1.335666
0.105820
-1.170147
-1.882724
-0.086688
1.369184
-1.507997
0.328601
-0.392649
1.175628
0.397990
-1.369386
-0.055090
0.287152
-0.595443
0.193846
-0.360599
0.095457
0.453192
1.320535
1.379884
-0.858962
0.410101
0.686105
-0.035828
0.113815
-0.605076
0.817893
-1.339871
-0.525152
1.190348
0.724842
0.726444
0.425282
-0.265768
0.356316
-0.709987
1.605575
-0.132043
-0.476601
-1.636539
0.532192
-0.119359
1.939702
-0.343080
0.165493
-0.620689
-1.384619
-1.670278
-0.825868
-0.509619
0.932935
-0.043062
-1.033324
0.474752
-0.509823
-1.022362
0.647151
-0.277912
-0.732429
1.313960
0.470578
-1.018576
0.931931
0.018326
2.893472
1.193234
-1.103484
0.822680
1.031959
-0.076671
-1.077962
1.969853
1.055574
-1.329387
0.071005
-0.380504
0.038528
0.065365
1.221525
0.368387
0.777131
-1.048460
1.873528
-0.336529
1.984202
0.756405
0.319350
-1.497155
-1.495977
-0.878618
0.149781
0.778355
-0.194089
0.250506
-1.534592
-0.848562
0.658727
0.208278
0.102612
-0.005283
0.230780
1.601648
