1.327534
-0.661393
-0.913382
-2.334504
0.092716
0.124983
1.082004
-1.303567
0.441442
-0.353402
-0.256817
0.056896
0.976855
0.257293
0.191534
1.250798
-1.571527
0.536793
1.667792
0.655137
-0.410456
1.158018
0.213412
0.787003
-0.253011
0.271390
1.485329
-1.478964
0.166206
0.396885
-0.342408
-1.303597
0.581282
0.434757
0.137204
-1.916409
-0.109045
-1.888320
-0.467898
0.310344
1.614004
-1.286841
0.522173
0.710005
1.056253
-0.441635
2.003454
0.103894
0.383756
-0.678658
0.677366
3.250616
-0.920574
-0.086177
-0.609049
0.099234
0.256853
-1.340382
0.108456
-0.880988
1.899419
-0.134307
-0.959914
0.845781
0.411767
0.166986
-2.174932
1.548937
0.783089
1.566720
1.501416
1.696951
1.035209
-0.976109
0.218338
0.353969
-1.446278
-0.806226
-0.200497
0.276197
-0.794747
0.248060
0.786837
-0.407297
0.925750
0.699115
-0.312360
-0.606223
2.013043
1.200851
-1.965496
-0.132395
-0.730518
0.994086
0.164074
1.867611
-1.507795
0.353623
1.933004
1.247960
2.097353
0.407541
-2.193482
0.149145
-0.111432
-0.836609
-1.683500
-1.307179
0.284081
1.153089
0.145785
2.581528
-0.305314
-1.681797
0.896217
1.508188
0.272778
-0.420075
0.772737
1.100237
-0.250267
-0.323906
0.134071
0.094709
2.731510
0.715879
0.151991
2.394868
1.180611
0.231292
-0.224777
-0.459498
0.956605
-0.571528
0.210785
1.288987
0.413379
-0.469065
-1.461701
0.484530
-1.327714
-1.103618
-0.751771
-0.696105
-0.621717
-0.340568
1.662543
0.591473
1.695836
-0.399225
-1.201093
-0.272808
-0.659319
-0.134843
-2.548994
-1.930074
0.822719
-0.555926
1.606691
-0.237099
-1.851872
0.362673
-0.357853
-0.862094
0.865828
0.962268
0.647587
1.293484
-0.947394
0.301827
0.119714
-1.207134
-1.733754
1.975406
-0.526534
-0.060146
-0.698066
-0.234252
-0.689141
0.432563
0.984011
0.642203
0.148574
0.190409
-0.045182
0.186076
0.219189
-0.314748
-0.479182
0.520417
0.262423
0.400684
-0.863822
-0.490947
2.445145
0.597772
0.069909
0.389401
-1.229792
-0.396842
0.858102
0.923007
0.147906
-0.990745
0.969526
-0.944983
0.953856
0.224018
-0.243052
-0.988164
1.418957
0.336129
-1.019127
-1.736118
-0.133717
-2.618275
0.334178
2.716837
-0.674916
0.173050
-0.006467
0.958732
-1.070457
0.557626
-1.130217
-2.587979
0.053017
-2.229592
-1.473108
-1.052826
-0.461126
-0.269879
-0.555569
2.643511
-0.124889
0.869940
1.437031
0.674922
-0.639373
0.465643
-1.083606
-1.678668
-0.753571
-0.238084
-0.125424
0.842766
0.018039
-0.730747
-1.266633
-0.655041
2.472351
-0.594561
1.458252
-0.063521
0.946541
-0.326786
0.371015
1.635782
-0.306312
-0.431468
-0.588427
1.382702
0.221816
0.848162
-2.265388
-0.725859
-0.305257
-1.867266
1.209021
1.597945
-0.883240
1.106809
0.259040
0.502315
-1.967914
1.396299
-1.325857
-0.708795
-1.028995
0.820378
-0.358062
-1.752848
-0.978619
-0.137930
-0.487380
0.382674
1.366295
2.495971
1.385799
-0.575176
-0.243204
-1.434915
0.092256
0.896111
0.200017
0.527656
1.310306
-1.991006
-0.467192
-0.102225
-0.236590
-1.300903
-1.777629
-0.359815
-0.139370
-0.527069
0.398571
1.584856
1.639473
-2.058265
-0.326854
-0.278798
-0.591674
-1.225455
2.766428
0.799373
-1.107678
-0.900857
0.021456
2.372567
-0.437690
1.980471
0.671652
0.073166
1.348651
-0.018513
0.695869
0.671830
-1.035212
-0.111820
-0.864501
-0.364489
-1.339519
-0.344673
0.810740
-1.351057
-0.729760
-1.151113
1.319782
-0.401637
-1.049160
0.054842
-1.304395
0.974403
-0.735025
-0.839175
-1.085513
-0.605186
-0.790391
0.121937
1.378750
0.315136
-1.326050
0.736594
-0.260819
0.028481
0.166789
1.472244
-1.256912
0.400910
0.951234
1.450041
1.003657
1.414525
-0.545132
-1.734683
-0.896929
-1.362614
-1.581306
-0.180151
0.355828
0.642717
1.213063
0.330989
0.721254
-0.767677
-0.781363
-0.523870
1.116819
0.836667
0.271615
-0.860862
1.518609
-0.047342
0.527711
0.369063
0.729474
1.639574
-1.559214
-0.468319
-1.481609
0.629573
1.109256
0.084473
0.609641
1.379203
0.564498
0.334220
0.721383
0.257582
1.176750
-2.330144
0.856006
-1.097014
-0.104959
-1.503158
0.617469
1.346708
-1.324875
1.104152
0.001380
2.093742
-0.182774
0.370168
-1.492058
-0.366180
-2.411140
0.209649
-1.782361
-1.321246
0.594981
-0.957988
-1.662266
-0.920359
-0.488106
0.587197
0.426117
-1.222663
0.224561
0.874940
-1.000116
0.849834
-1.138108
0.351896
-0.964217
0.844810
-0.442605
0.934893
-1.006618
0.392434
-0.079628
-0.776760
-0.447525
0.580824
1.615900
1.064596
-0.906417
-0.342397
-0.116020
-0.364856
-0.350975
0.008130
1.366867
0.440954
-1.620494
1.565408
0.106785
0.318498
-0.579263
0.441804
-1.170569
-1.128655
-2.778635
-0.506994
0.010170
0.125462
-1.879890
0.076907
0.077208
0.692242
0.448042
0.215543
-1.294979
0.280662
-0.125236
-1.475222
0.398528
-1.493890
0.523971
1.893977
2.300580
-1.797181
2.204498
0.739009
-1.048907
-0.201015
-1.231057
-1.327350
-1.049967
-1.128892
-0.084164
0.149020
-1.673247
1.149060
0.074056
0.062402
0.100860
-0.011011
-0.427074
0.764587
0.092476
-0.813941
0.787042
-0.448350
-0.067339
0.402417
0.995008
-0.575490
-1.735877
-0.170761
-0.616335
-1.283637
1.047157
-0.284576
1.519742
-0.572321
2.630633
0.245511
0.811907
-0.444969
0.716696
-0.956900
0.170222
-0.025076
0.628653
0.285174
0.626344
-0.719505
-0.827299
-0.849397
-0.196270
2.244976
-0.378576
-0.483964
-0.842454
-0.430336
-0.191497
0.239467
0.191875
-0.761497
0.639247
-1.358199
0.829189
0.333618
0.882671
0.689138
0.112604
1.383034
1.687967
-0.593449
0.821907
-0.014238
-0.364786
0.532963
-0.091691
-0.088225
0.509759
-2.167972
-0.166631
-0.067516
0.487543
0.315464
-0.405773
-1.112898
0.493665
-0.880447
-0.815250
0.676751
-0.445170
0.568765
-0.516227
0.399854
0.228186
-1.043769
0.089952
-0.603118
2.152925
-0.557116
0.674777
-0.315134
0.186832
-0.446841
-0.997487
-1.634732
-0.064877
-0.658424
1.330920
0.362606
-0.698125
-0.685632
1.135035
-0.214884
2.079040
0.589908
0.587340
-0.784384
0.975037
-1.059643
-0.162600
0.753814
-0.026369
0.166011
-0.306838
1.620972
-0.466465
0.628774
-0.801916
0.317392
0.359261
0.119411
-0.545049
-0.280576
-1.303470
-0.728817
-0.629867
0.480767
-0.549546
1.021516
1.094599
-1.557889
0.343842
0.267600
-1.017869
0.434405
0.721571
0.106427
0.981054
-0.764014
1.165845
0.769036
-0.370509
0.789327
-0.813546
0.096282
-0.608848
1.994973
-0.782950
2.388516
-1.217655
-0.432143
1.642131
0.318976
-0.181742
-0.757303
-1.732757
-0.451385
-3.133250
-0.005943
-2.199913
0.854437
-0.479413
1.080752
-2.816453
-0.878245
-1.362231
-0.336197
2.072767
0.738933
1.142147
0.170996
1.264293
-0.044903
-1.459645
-0.460680
2.328831
0.154207
0.199484
0.324713
-0.454302
0.713277
0.930629
2.180358
-0.319508
-0.312490
0.751475
0.703744
-0.835781
-0.513042
0.308246
-1.366177
0.924276
0.386131
0.269440
-2.127498
2.990890
-0.553168
0.277315
0.000048
-0.330983
-0.990452
-0.516665
-0.871836
-1.957734
-0.245234
-0.393550
-1.436091
-0.508323
-1.055723
-2.111063
0.780292
0.861823
-0.599457
-0.513475
-0.845737
0.049766
0.681623
-0.039772
1.181957
1.170279
-0.993089
0.790082
0.111246
0.533635
0.181723
-0.263089
0.959439
-0.270456
-0.013652
1.592312
-0.774778
-0.378361
0.604040
-0.980537
0.547778
0.728668
-1.161874
0.150503
2.020242
0.838282
-0.546759
-1.222401
1.150981
-1.174294
-0.655312
-0.804784
1.214266
-0.195205
-0.700962
-1.051061
0.706442
2.239753
0.859080
1.892933
1.417933
0.284732
0.648166
-0.753015
0.559299
-0.870394
0.785370
-0.437798
1.258727
1.415691
-1.439860
-0.259134
1.066768
0.830933
-0.268642
1.074727
0.393168
0.326750
-0.393251
0.981323
-0.126155
-0.039834
1.225824
0.922902
0.685795
-0.508708
-0.215361
1.551444
0.183069
0.926298
0.062460
-0.110783
1.144045
0.040761
-0.343176
1.190114
-1.395178
0.058338
-0.362105
1.038811
-0.667601
-0.030022
0.131004
0.169442
-1.444634
0.430338
-0.478798
1.178256
-1.128170
-0.733895
-1.629202
1.024077
0.219210
-1.710001
-0.420108
0.200072
-0.539268
-0.318733
-0.520037
0.015123
-1.113432
-0.226582
0.534962
-1.304047
-0.227935
0.400780
0.930320
-1.175526
-0.526136
-1.539408
0.514671
0.956365
0.225429
1.168201
0.785193
0.579849
0.362822
0.620844
0.648726
-0.581466
-1.110259
-0.317573
1.957451
-0.017360
0.923172
1.367084
-0.184275
2.066581
0.622864
-1.155417
-0.509332
0.359472
0.562054
0.962159
-0.150412
1.009774
0.527621
-0.300897
0.479874
-0.031655
-1.299975
-1.563236
-0.552725
0.736342
0.069448
0.954840
0.620773
0.122101
0.809615
-0.269674
0.249785
-0.683310
0.771268
1.071138
-0.573712
0.213450
0.406329
-1.829759
1.428437
0.597060
0.114236
-1.914210
0.718557
0.017537
-0.535671
0.875084
1.806355
-1.491195
0.288866
0.551145
-0.896989
0.483355
0.776010
-0.755460
-1.513141
0.462415
-0.271122
-1.248347
-1.206271
0.996740
1.467917
-0.052923
-2.046514
-0.337377
-1.006674
0.250194
0.815278
-0.095232
-0.773979
0.211271
-0.334672
-0.942345
-0.713448
-0.677854
-1.290601
-0.040052
-0.213789
-1.346718
0.981364
-0.955978
-0.078853
-0.794811
-0.723028
-0.951750
-0.601118
-1.053042
-1.463627
-0.620248
-0.481609
0.687517
-2.588381
1.362336
-0.883258
0.437873
0.305108
1.476706
-0.390005
2.316886
-1.335666
0.105820
-1.170147
-1.882724
-0.086688
1.369184
-1.507997
0.328601
-0.392649
1.175628
0.397990
-1.369386
-0.055090
0.287152
-0.595443
0.193846
-0.360599
0.095457
0.453192
1.320535
1.379884
-0.858962
0.410101
0.686105
-0.035828
0.113815
-0.605076
0.817893
-1.339871
-0.525152
1.190348
0.724842
0.726444
0.425282
-0.265768
0.356316
-0.709987
1.605575
-0.132043
-0.476601
-1.636539
0.532192
-0.119359
1.939702
-0.343080
0.165493
-0.620689
-1.384619
-1.670278
-0.825868
-0.509619
0.932935
-0.043062
-1.033324
0.474752
-0.509823
-1.022362
0.647151
-0.277912
-0.732429
1.313960
0.470578
-1.018576
0.931931
0.018326
2.893472
1.193234
-1.103484
0.822680
1.031959
-0.076671
-1.077962
1.969853
1.055574
-1.329387
0.071005
-0.380504
0.038528
0.065365
1.221525
0.368387
0.777131
-1.048460
1.873528
-0.336529
1.984202
0.756405
0.319350
-1.497155
-1.495977
-0.878618
0.149781
0.778355
-0.194089
0.250506
-1.534592
-0.848562
0.658727
0.208278
0.102612
-0.005283
0.230780
1.601648
1.000221
-0.671248
0.968232
2.135137
-0.510923
-0.845862
1.726165
-2.843287
0.447367
-0.031221
-0.160704
-1.615986
0.203720
-0.569339
0.592700
-0.365072
-0.601597
3.340075
-0.150682
1.141283
0.557352
0.337860
1.234243
-2.337390
0.525396
-0.138046
0.322903
-0.651940
0.902457
0.290196
1.072976
0.985172
0.826231
0.254856
-0.804474
2.046408
-0.075622
0.582964
-0.123559
0.519068
0.454301
0.738827
0.214500
-0.361268
-0.858014
-0.962440
-1.387641
0.563416
-0.525398
0.016573
-1.812171
-0.374246
0.267643
-2.313822
-0.271454
-0.343970
-1.139205
-1.321425
0.057682
-1.404110
0.167283
-0.972953
-1.407434
0.780480
-2.360858
-0.588305
0.261029
0.204106
0.153415
0.480316
-0.840126
-0.173653
-1.832828
-0.963289
1.193851
0.427787
-0.319170
-0.171071
-0.672415
0.302106
1.016353
-0.577483
0.081741
-0.748347
1.105326
1.459928
0.107210
-0.690701
-0.109302
1.058189
-0.580621
-1.390086
0.924301
0.438850
0.402810
1.669071
-1.160508
1.364012
1.116297
0.590633
0.943288
0.454262
-0.809051
-1.491721
-0.115499
0.517338
-0.007606
0.463811
-0.256780
-1.761633
1.560464
1.250842
-0.758155
-0.062447
0.359156
0.027051
1.467670
-0.412965
0.439223
0.134474
0.720440
-0.800693
-0.680879
-0.506079
0.195962
0.297689
-1.685562
-0.537976
-1.735407
0.540153
0.802334
0.386735
0.859924
0.114025
-0.566973
-0.710113
0.247510
-0.929185
0.334288
-1.877210
0.011396
-0.973071
0.009291
0.249690
-0.408280
0.810587
1.518325
1.097585
-0.636862
-0.699510
0.512882
0.300600
0.456009
-0.311688
1.112505
0.594818
-0.674127
0.975122
0.918271
0.327957
1.395809
0.117041
0.298636
-0.302363
0.408404
0.923186
-1.018281
0.660879
1.442169
-0.078196
0.168501
0.342851
0.840907
0.425812
2.188412
-0.830343
-0.405902
-0.150648
0.290115
1.547312
1.030250
1.038739
-0.206019
-0.523850
2.056101
1.131595
-0.349587
-0.647125
-0.063699
1.029082
-0.034670
-0.456507
-0.444983
0.194668
0.381744
0.306667
0.940220
-1.337368
0.252284
-1.695530
-1.308773
0.216111
1.979086
1.099665
0.205330
0.401804
1.711023
-0.257004
-0.463923
-0.024065
-0.061207
-0.954327
-0.124650
0.397846
-0.812930
-0.001884
0.241173
-0.373968
-0.362447
0.616703
-0.671910
2.479494
1.035841
-1.302453
2.264229
0.364642
-1.964184
-1.528363
-0.091878
0.001502
-0.280745
1.009463
0.812847
2.111327
-0.215955
0.176894
1.009865
-0.416163
-0.517156
1.569329
-0.177541
-0.542790
0.599861
-0.738586
0.442466
0.091317
0.260380
0.618784
-0.048243
0.198225
0.650380
0.543399
-1.090333
0.349885
0.770349
-0.448425
-0.555762
2.177827
-0.386942
-0.298872
1.303588
1.516770
0.794842
-0.817525
-0.652036
1.356026
0.345531
0.034649
-0.132313
-0.584574
-1.587308
-0.116136
-0.581780
1.197222
1.062602
0.407157
-1.001770
0.178750
0.980526
0.224976
0.673186
-0.988226
-0.889203
-0.303933
1.410970
2.086302
0.284462
1.765975
0.710151
-1.168135
1.449482
-2.463573
2.069076
-0.017219
1.104037
-0.833817
0.271036
-0.011080
0.301650
-0.764966
-0.989755
0.916599
0.003131
-0.973537
0.368883
0.287426
0.100189
-1.448385
0.817325
-0.676425
1.570928
-1.310669
-1.543807
-0.011009
0.830638
0.237308
1.297683
-0.481093
0.465731
-0.335819
0.225394
0.615216
-0.001810
0.375243
-0.464680
0.691739
0.165581
0.494658
0.117788
-0.401998
-0.790538
0.306748
0.941224
0.072770
-2.168114
0.662235
0.459664
-1.429537
-1.616296
-0.212640
0.022305
-1.698422
0.880626
0.377547
0.483729
0.340189
-1.145153
0.629855
1.055080
-0.134652
-0.979111
0.141705
0.379170
1.173317
-0.205480
-0.678134
1.084257
0.205287
0.417941
1.616620
0.966425
-1.484759
-0.391837
1.399805
0.157601
0.527635
-1.435370
0.008362
0.375900
-0.882168
-1.125663
0.352763
-0.355076
-0.684973
1.385953
1.645647
-0.156498
-0.889727
0.049655
-0.000947
1.772868
1.075136
0.753594
0.784045
1.296404
0.176564
-1.939957
-0.496762
0.768387
-0.534398
0.121441
-0.995487
0.439844
-1.310273
-0.130674
-1.942406
0.634373
-0.856497
0.468347
-0.256145
1.664553
-0.048907
-0.761571
-0.401021
-0.736046
0.536032
-0.649748
0.821301
-2.078127
-0.672429
-2.950811
-0.479194
-0.282383
-1.042222
0.133845
0.175865
-0.945626
2.213789
-1.098468
-0.461004
0.806768
0.122575
-1.137594
-0.120441
1.108602
1.029214
-0.435046
0.773369
0.575773
0.562086
1.035918
-0.925271
0.673577
0.242848
-0.273805
0.589599
0.160588
-0.572898
0.571182
-0.983569
-0.796279
-0.905742
1.188482
0.057770
0.080953
1.391579
-0.430707
1.445930
-0.167244
-0.128250
-0.385302
-0.635327
0.019550
-1.249562
0.155565
-0.661459
0.680871
-0.679610
-0.431536
-0.486434
-0.393713
-1.365692
-0.298147
-1.355735
-0.230681
-0.383526
0.081656
2.411384
0.009409
2.030666
-1.583514
-1.594032
-0.290838
-0.632161
0.081701
-0.011596
0.467819
-0.230881
-1.355669
1.667963
1.452248
-0.907149
-0.405319
0.359709
-0.427589
0.000718
-1.275447
0.373433
-1.231122
-1.443692
-0.054859
-1.497967
-0.464931
0.804917
-2.166252
0.760531
-1.004528
0.138200
-0.074404
1.260686
-0.751587
-0.176875
0.595929
-0.261638
-0.362554
-0.095277
-0.274276
-1.631694
1.869154
-0.013432
-0.602890
0.308111
-0.616170
-1.380206
0.269353
-1.626830
0.404054
1.834641
0.442516
0.340632
0.667245
-0.134314
-1.489313
0.635335
0.900829
0.879776
-1.887880
-0.034114
0.718322
1.088884
-0.916992
-0.378425
-0.070101
-0.185820
-0.244810
0.245212
0.700258
-0.489162
-1.265595
-0.394249
-0.414577
-0.705237
-1.004190
-2.056002
-0.353345
-1.357976
-1.582985
0.213408
-0.564668
-2.316242
-0.265751
1.088477
1.825130
-1.246574
0.052215
-1.207557
-0.596359
0.016528
0.509096
-2.516477
0.515853
-0.688104
0.155686
1.458474
-0.407627
0.079240
0.592158
1.466975
0.103090
0.250694
-0.004706
3.107133
0.851816
1.080887
0.274384
-1.895281
0.353856
1.009159
-1.109174
0.767695
-0.351018
0.058239
0.387520
-2.298068
-0.235149
0.129764
0.235214
-0.243085
-0.376055
0.380320
-0.229451
-0.433113
-1.144916
-0.417241
0.283280
0.282394
-0.965490
1.242085
0.477461
0.245074
-2.216301
0.065121
1.608666
2.773886
-0.671364
1.031785
0.352020
-1.140465
1.823028
-1.437639
-0.729758
0.539422
1.719680
-1.399101
1.242117
1.353341
-1.138402
0.770663
-0.484885
0.384965
0.914248
0.638310
-2.157114
0.306557
-0.657920
-1.490233
0.346957
0.488753
0.082310
-1.534268
0.471900
1.452383
-0.210315
-1.270295
-0.129741
1.204098
-0.063919
-1.900446
-0.513302
-0.560329
-0.344051
0.541969
0.709695
0.123640
0.176372
-0.000210
-1.427398
2.129975
-0.787455
0.753237
-0.073264
0.531098
-1.020110
-2.344875
-0.654795
-0.758726
-0.841682
-0.512792
0.362616
0.282538
0.071029
-1.020389
0.286524
-2.439995
-0.143347
-1.165488
1.626629
-1.080090
0.382749
2.044801
1.100643
-0.212672
0.091831
-0.694818
0.710907
0.253640
-1.384348
0.402144
-0.528302
2.107690
0.352418
0.262987
1.866453
-1.033895
-0.308264
-0.004928
0.232641
-0.030463
1.265856
0.582291
0.946562
0.995512
1.596194
1.122434
1.158760
-0.581405
1.956421
-0.663856
-0.023272
0.187279
0.539097
1.894566
-0.565557
-1.059681
0.755165
-0.549281
-0.391812
-1.735152
1.079494
-0.037412
-1.367425
0.943121
-0.040236
-0.357630
-0.575610
-0.255646
0.824752
1.197039
0.338515
2.952603
-1.849810
-1.182166
1.028931
0.557191
2.036596
-0.176373
0.023886
0.922358
2.152277
-2.045829
-0.197819
0.835347
1.709621
0.855616
-0.075328
1.560982
-1.208340
0.573610
0.257567
1.204687
-1.306208
0.767595
0.098825
-1.161716
1.001644
0.269978
-1.310166
0.515421
-0.542947
-1.029631
-1.903195
0.833932
0.141265
0.153157
-0.336693
-0.501415
0.298726
-0.147858
1.044518
1.221436
-1.096275
0.443920
0.382488
0.391262
0.569866
-0.187957
-1.613757
0.735811
0.320652
-1.325487
2.492860
0.944549
0.511737
1.908680
0.651620
-2.344274
0.018068
0.803119
1.256682
-1.028423
-0.064683
-1.022832
-0.668399
-0.635451
0.111265
-0.626488
0.534363
0.284165
-1.092839
-0.041508
-0.243506
-0.290218
0.054971
-0.564257
-0.272905
-0.855656
-1.349013
-1.190371
0.097670
-3.054761
0.311942
0.208196
-0.732907
0.187804
0.536148
-0.011291
1.083127
-0.500900
0.679668
0.276668
-0.972138
0.456562
-0.901093
2.149252
0.428226
-0.446254
-0.571522
0.590377
-2.332712
0.209095
-0.559652
0.749461
-0.294778
-0.871796
0.921846
1.432385
-0.025663
-1.008640
0.916969
-1.737420
-0.882963
-0.510197
0.799981
0.179564
1.158536
0.685837
-1.446805
-1.412159
0.321794
-0.142146
0.365807
0.132373
-1.179905
-2.062880
0.937052
0.736588
0.030060
-0.036100
-0.351580
-0.894822
1.249213
0.574650
-1.400748
-1.761034
0.894426
0.831184
-1.088549
1.373137
-0.458015
-0.018415
-1.292733
1.074999
-1.285684
1.222602
-1.405668
1.474961
0.613260
-0.440635
-2.165605
-1.122110
0.223288
-2.843241
2.139737
0.668576
-1.159849
2.412843
0.312255
-0.162892
-1.379909
-1.423909
0.317706
-0.006292
0.317599
2.029200
-0.545927
-0.109598
0.367735
-0.068431
1.229852
0.291095
0.036888
0.334379
1.134156
-0.988148
0.364356
-0.700247
1.445037
-0.060341
0.528756
-0.068036
0.457192
1.340785
0.111457
1.468181
0.455905
0.630263
-0.605599
-0.617041
-0.948287
2.509512
0.145229
-1.944663
-2.419616
-0.778143
1.496789
0.722601
-0.716459
-0.776213
0.520197
-1.732220
1.019166
-1.040218
1.063584
-0.340234
-0.318227
0.310431
0.767064
-0.140488
-0.273064
2.299689
-0.519823
-0.812479
0.254953
-1.074799
1.239794
1.849643
1.034887
0.101879
-0.580546
0.271205
0.551529
-0.541031
-1.036059
-0.367444
-0.626823
0.120338
0.352920
0.211236
0.527168
-0.450213
0.338897
-0.618611
-0.902516
0.739720
1.180980
-0.330899
2.624985
-1.727700
0.394058
0.329420
0.610133
-1.329029
-0.821719
2.588283
-0.807641
0.190562
0.163312
-0.374157
-1.924173
-0.232128
-1.062606
-0.144635
0.865970
0.849827
-1.703807
-1.566133
0.676727
-1.461170
-0.020888
-0.535137
-0.898974
1.760926
-0.339871
-2.032940
0.028880
-0.007666
0.858888
-1.454073
0.941244
0.121007
-1.572309
-0.215581
-2.017432
0.503822
-0.464194
-0.556184
-0.352527
0.223991
0.087309
0.336036
1.267606
0.367469
0.013979
0.522640
-1.612933
0.369976
0.515585
-0.905523
-0.288183
-1.369880
0.043462
0.465743
0.350029
-0.150396
-0.220445
-0.242264
1.616811
-0.667096
0.036993
-0.096620
-1.227184
-1.816799
-0.869380
-0.796157
0.035643
-1.348847
-1.192117
-1.578583
-0.216303
-1.289051
2.190213
-0.978830
-0.263127
-1.536519
1.169466
0.511358
1.629457
1.690741
-0.756350
0.634282
1.109313
1.176260
-0.368928
1.179489
0.330432
-1.332773
0.020219
-0.821169
-2.072869
-0.496578
-0.379738
-0.195129
-0.662628
-0.237663
-0.215707
-0.445641
0.487586
-0.429182
0.242795
-1.114579
1.850139
-1.129152
0.318710
-0.889127
1.155726
-0.752105
-0.269795
0.168074
-1.109577
-1.055393
1.200603
-0.006661
0.769275
0.614319
-0.166327
-0.252404
-0.456158
0.040184
-3.477114
-0.620382
-1.156021
0.281661
2.937317
-1.441358
-0.947780
0.332367
0.981138
0.937425
-0.934009
-1.456483
-0.752421
-1.638012
-0.023198
0.233758
1.209113
0.646299
-0.116213
-0.232814
1.180861
1.471334
-0.774545
-0.306468
0.073878
1.381387
2.354656
-0.813861
0.276122
-0.510416
-0.104124
-0.487603
0.371492
0.727640
-0.437539
0.233031
-0.344324
-0.486532
0.080073
-0.437219
0.503277
0.296450
0.094466
0.097078
0.395909
-0.429079
0.735994
0.041116
0.367551
-0.187160
1.393726
1.137979
-0.106253
0.708116
0.224598
-0.639849
0.691392
-0.802311
0.573159
0.170109
-0.375572
-0.358552
-1.279339
0.222424
1.738226
0.864448
-0.594663
-1.202281
0.380701
-0.384279
0.646159
0.062642
0.418458
0.258267
1.787576
0.361477
-1.245344
-0.471051
0.653188
0.570066
-0.006200
-0.351220
-0.142549
-1.633534
-0.748535
-1.232062
-0.307921
0.930761
-1.981947
0.902722
1.756421
1.251630
2.244485
-0.525258
-0.474357
-2.472504
0.080501
-0.729690
2.435171
-1.299812
-0.491597
0.186302
-0.413619
0.990936
0.308135
0.515557
-0.472601
1.082962
0.089056
0.342729
0.669188
-1.189303
-1.006685
0.561920
-0.189143
-0.931013
-2.689293
-1.970682
2.028149
-1.466643
-0.406619
0.728733
-0.416543
0.113034
-1.742202
0.975909
-1.166889
0.480155
-1.086134
-0.736195
-1.543608
0.323953
-1.422438
1.510116
1.444595
-1.232095
0.691019
-1.375803
-0.486304
0.356456
-1.035553
0.522463
-0.622497
0.975609
-0.573485
-0.625724
-0.920534
-0.433920
0.975150
1.706013
-1.993082
-1.088512
0.291573
0.062893
0.471386
-0.390303
-0.207721
-0.446232
1.121995
0.929850
0.752497
0.027495
0.841869
1.373008
1.084700
-0.924682
0.628140
0.305420
-0.975439
-1.209552
-0.654036
-1.184990
0.974679
0.995797
0.626399
-1.121918
1.298527
0.042655
1.535645
-0.610534
-1.659321
0.213250
-1.623727
1.553579
-1.156223
-0.266683
0.269411
0.750931
0.367240
2.003725
-0.763096
0.576491
0.608413
-1.270552
0.084021
-0.744725
0.142206
-0.225766
1.041492
0.304372
-0.539973
-0.459508
0.327354
1.051980
-1.886606
-1.884579
-0.059639
0.373171
1.112216
-0.218751
0.326581
-0.645836
2.332319
-0.697490
-0.464973
0.331828
0.526463
0.518060
1.113245
0.004303
-0.211082
1.083192
-1.431040
-0.773932
-0.573882
-0.953554
0.411406
-2.705506
-0.310479
1.803200
0.996218
0.343529
0.018030
-0.991731
1.220123
-0.504260
-0.789875
1.508335
0.773306
-0.476492
-0.402509
-1.753169
1.047484
0.809902
-0.437590
0.053317
1.143385
-0.354552
-1.275784
-0.325349
-0.217461
-0.566069
-1.091270
0.810930
-1.060932
2.584237
0.314548
-1.105681
0.104086
-0.568286
-0.085283
-0.672640
0.230831
0.211930
0.670794
1.408744
0.310559
-0.923277
-0.275748
1.558146
1.148586
0.225587
-0.818609
-1.048951
1.286233
0.186760
0.065742
-0.511087
-1.125105
-1.387235
0.448714
1.459119
-0.189799
-1.082902
0.982342
0.808191
-1.249568
-0.078514
-0.710075
0.891344
1.984267
-0.666242
-0.710533
-1.423422
0.025260
1.039464
0.750224
-1.048669
1.721827
-1.669220
0.206902
0.096847
-0.160973
-1.467842
1.139207
0.562116
-0.346999
0.450298
0.461866
0.120905
0.492820
-1.289649
-0.016908
2.378808
-0.065731
0.197504
0.271654
0.538607
-0.473200
0.487398
-0.314861
0.585725
0.015264
0.083407
0.047424
2.393355
0.019062
0.165665
-1.038183
1.009657
1.511975
-1.514143
-0.001757
-0.836479
0.048458
0.223039
0.622785
-1.654309
-0.059022
-0.449567
-0.081854
-0.001672
-1.338752
0.517241
-1.211839
0.447263
2.125301
1.261479
1.295495
-1.532758
-1.378731
-0.494052
0.905983
0.580455
-0.679767
1.262603
-1.323269
-0.288076
0.683729
-0.409577
-0.871880
0.659032
-2.187857
0.606491
-1.615956
0.693236
1.136851
0.519496
0.126003
-1.678723
0.011803
1.968896
0.219415
0.255945
-0.926663
-0.249519
0.505312
-0.695638
1.319052
0.828629
-1.076464
0.030754
0.222774
0.635903
0.167358
0.561809
1.076350
-0.826935
-2.286620
1.194943
0.948533
-0.002851
-1.214161
0.475782
0.624430
-1.351468
-0.125214
-1.273304
-0.116756
2.053053
0.121364
1.346595
-1.786690
-0.279391
0.531538
-0.024034
-0.410532
-1.270291
-1.094933
-0.158621
0.499493
-0.167336
0.357545
0.526160
-2.014447
-1.440768
-0.412263
-0.348956
1.240164
-0.007953
-0.526138
-0.542046
-2.241168
-0.819420
-0.743292
0.174541
-0.668220
-0.991702
0.595835
-1.581751
0.895758
-0.401731
-0.044260
-2.176099
1.506124
-1.078464
2.360435
0.006813
-0.227138
-0.769925
1.224944
-0.148838
0.120181
1.296972
-0.306817
-0.408999
0.536801
0.508438
2.127149
0.094720
0.621487
-0.370632
1.585078
2.283102
-1.230278
-0.993854
1.773734
-1.085047
0.171221
1.043647
-0.868859
0.496089
1.129986
0.716839
-1.787488
-0.637324
0.233393
0.478858
-0.885721
-0.225320
0.672922
-0.011331
2.398370
0.344942
-1.325060
1.514354
2.299706
1.825031
0.998367
0.281453
0.133557
0.035024
-2.867148
-1.322266
-1.203585
-0.832192
2.456466
-0.913805
-0.222528
0.615771
1.118221
-1.710987
-0.589031
0.332706
-0.265439
-2.058753
0.135560
0.598662
-0.796297
-0.504716
0.665152
0.128254
1.244453
-0.408737
0.706083
1.637142
0.423725
-0.508838
0.562524
-0.069712
-0.532358
-0.830853
0.726201
0.852706
0.087186
0.325023
2.121372
0.639424
-1.301576
-1.368422
-1.508103
-0.832864
-1.648642
-0.296612
-0.233327
-1.421523
-0.510607
-0.976660
-0.912589
-0.089925
-2.077608
-1.098910
0.119759
-0.475294
-0.460777
1.015191
-0.600640
0.501987
0.983726
-0.935414
0.082010
1.255334
-0.094715
0.956815
0.467316
0.511141
-0.214566
-1.516267
-1.594249
-0.341839
-0.924288
-1.218003
1.524502
0.236204
0.087263
-1.308949
0.476269
-1.017454
1.599462
-0.968010
-0.337671
0.966444
0.526149
0.612911
1.191568
0.695230
-1.071542
0.315213
0.663851
-0.125491
0.922683
-0.230197
0.650791
0.265605
-1.528978
-0.893366
-1.086773
2.412283
0.816812
0.256342
0.137743
0.274922
-1.261553
-1.884287
0.171717
-0.301521
0.889501
-0.066048
-2.027023
0.372959
0.908334
0.647375
-0.670095
-0.330026
0.765205
0.219048
-1.669485
-0.181818
0.825312
-1.100868
-0.708634
-0.142894
-0.366600
0.073825
0.247533
0.827516
0.552826
-0.631494
-1.075060
-1.124406
2.412400
-0.195903
-0.149498
-0.969741
1.472900
0.593898
1.796268
-1.680220
0.288399
-1.249239
-0.671391
-1.177742
-0.166559
-0.513601
-0.181903
-0.965368
-1.650311
-0.202226
1.437009
0.872650
-0.042477
1.708490
-0.499195
0.147787
0.190800
0.687009
-0.265040
-0.280462
0.526401
-0.104186
-0.488551
1.222648
-0.416363
-0.755072
-0.070519
0.079438
-0.120716
0.395312
-1.386648
0.701039
0.712077
0.321463
-0.358845
-0.421024
-1.227859
0.947793
0.168845
-0.384771
0.644542
-0.607040
-1.460307
0.743752
-0.002580
1.737957
-0.872058
2.183365
-0.598903
1.501797
-0.133617
-1.191745
0.317074
1.481956
0.295454
1.486255
1.301156
-0.018414
-0.553782
0.618973
0.582694
1.658311
-0.328868
-2.105219
0.342737
-0.323993
-0.033695
0.083600
-1.647804
-0.698962
-1.082041
-2.006693
0.282960
0.342394
-0.351044
0.422387
0.826489
-0.260344
-1.110671
0.449251
0.098090
0.397292
1.715607
-0.246168
-0.320763
0.422965
1.207981
-0.304173
-0.544264
-1.038000
0.316635
-0.878165
-0.135435
0.721056
1.434935
0.764224
-0.432572
0.139187
-0.829463
0.341910
0.077372
0.858484
1.640367
-1.349117
-0.032420
-0.040009
-1.480959
-0.564069
0.392030
0.894585
1.538449
0.743984
1.811646
-0.589969
1.192448
-0.332749
0.846016
-0.520551
0.861828
0.623368
-1.191903
0.380159
2.048567
1.686188
-2.959986
-1.296109
1.084959
0.390473
-0.030095
1.593319
1.495174
-0.100240
0.071821
-1.036442
-0.434075
0.636144
-0.245656
-2.296316
-0.456463
-0.467705
-0.693186
0.695625
-1.659970
-1.589562
0.556790
-1.424917
0.139319
-0.370586
1.505995
1.515635
1.355305
0.074451
2.747925
0.458578
0.480674
-0.459560
1.914065
1.864182
-1.706354
0.218720
-1.982664
-0.058429
-0.120032
-0.137810
-1.400254
-0.324248
-0.243341
-0.590650
-0.591131
0.862539
-0.064257
1.595388
-0.244893
0.133789
0.747018
-0.550706
0.497204
0.267012
0.489339
1.317789
0.436651
0.800658
0.620589
-0.349540
-0.351862
1.308520
0.199434
-0.294905
1.002263
-0.297376
-0.276755
0.449803
0.454223
1.784556
0.296348
-0.677257
-0.798799
-1.666088
0.999278
-1.346984
-0.000467
-0.731460
-1.054675
0.207423
0.421500
0.841207
0.807835
2.226142
-1.448287
-0.846748
1.187035
0.004260
0.811285
-2.547223
0.649308
0.027897
1.025665
0.621512
0.461100
2.366176
-0.620341
1.244885
-0.333896
1.961501
-0.219587
-0.748114
1.298791
-0.980191
0.575656
-1.342534
0.058879
0.199898
0.938118
1.075926
-0.149886
-0.460021
-0.652938
-0.056127
1.843550
-1.715700
0.491973
-0.657398
0.128817
0.408818
0.418166
-0.768501
-0.150524
0.397691
2.048535
0.337309
0.518014
-0.390831
-0.584839
-1.954821
-0.750600
0.033076
1.292139
-0.796925
1.018775
1.239174
-1.609987
1.642866
-1.583337
1.038488
-0.677291
-0.605012
-0.884726
-0.222777
0.049389
1.599180
-0.863659
-1.716591
-0.460612
0.568462
0.415685
-0.513684
1.369996
-0.205644
-0.460839
0.521072
-0.009294
0.712490
-1.195473
1.068645
0.960010
1.204047
1.464338
-2.052936
0.838823
0.856789
-0.910938
0.522827
-0.350158
-0.569983
2.059919
1.981599
0.064566
0.596657
0.387453
0.268871
1.481906
-1.789414
0.909761
-1.158955
-0.079766
-0.876381
-0.134641
-0.216163
-0.741715
-0.621556
0.096885
0.103365
0.068984
-0.141965
-1.448022
-0.498345
3.365304
-1.073745
-0.061857
0.297572
-0.514259
-0.700250
-0.023909
-1.986587
1.293866
-0.040593
0.149677
0.931186
0.468752
0.092311
0.054382
-0.764782
0.519382
0.380670
-1.869307
-0.499272
0.208914
-0.996488
-0.743282
-1.232464
-2.224215
1.091063
1.370599
-0.784559
-1.578495
-1.607289
-1.320147
1.110088
-0.011468
1.806783
0.340481
-1.599349
-0.047857
1.160893
-1.081963
-0.154602
2.314855
-1.173703
-1.175111
0.318603
0.080658
0.175140
2.051146
-0.890040
1.687768
1.199799
-0.429451
1.938125
-0.490111
-0.441652
0.489733
0.947836
1.180000
2.341506
0.896143
-0.665917
-1.219890
-1.605266
-0.483876
-0.216058
0.178410
-1.176242
0.535347
0.761720
-1.068278
-1.116739
-1.045657
-1.613864
-0.151118
1.630870
1.704161
-0.261562
0.812396
-0.714534
-1.660884
0.211819
-0.231548
-0.635939
-0.497809
2.071084
-1.360892
-2.614496
-1.330462
1.112347
-0.434589
-0.341920
-1.035686
0.989206
1.044002
-0.772271
0.196744
-1.352302
-0.530144
-1.396942
-0.336045
-0.485413
0.608402
-0.055334
2.129079
-1.763780
-0.586327
0.478644
-0.225201
0.444755
-0.643365
-0.188539
-0.611193
1.566019
-0.211261
0.027630
1.629929
-1.775538
-0.418586
0.288779
0.187982
0.512578
0.800628
0.532663
0.475083
-0.533302
-0.394879
-0.756443
1.026342
-0.354689
1.536550
-1.775742
1.613267
-0.380215
-0.149630
1.046460
0.373644
0.376463
0.763839
0.571774
0.068546
-2.294071
0.757864
-0.226341
-0.759231
-0.017919
-1.874284
-0.670812
-1.013965
-0.109288
0.827176
-0.703387
-0.316012
-0.138456
2.175312
-1.361793
-0.530092
0.324715
1.051655
0.810771
0.238092
0.747713
1.136404
0.160784
-0.865522
-0.575963
-1.237280
1.706023
-0.241372
0.661645
-1.386902
0.711760
-0.450155
-1.030036
-0.237453
-1.207892
0.902414
-0.059453
0.614095
0.835589
0.027455
-0.408437
-0.068441
-0.952746
-1.614192
-0.675426
-0.183405
-0.664920
-0.092159
1.063464
0.643067
0.162484
-1.083289
-1.662059
-0.834034
-0.640371
0.232195
0.235084
-1.226114
0.438374
-0.370000
0.727453
1.374776
-0.641786
0.640078
-1.100876
1.601473
0.129208
0.442636
-1.233891
-0.563203
-0.651888
-0.629355
1.549559
-0.642747
-0.369787
0.288686
-0.681850
-0.165090
-1.032418
-0.146853
-0.895703
-1.257353
-1.383507
1.248170
-0.410957
0.044258
0.219282
0.499018
-0.088053
0.377747
0.524729
-1.192795
-0.880454
2.287998
-0.056959
-1.167987
0.082134
2.003603
-0.968091
0.563856
1.602246
-0.410048
1.638143
1.053661
0.279058
-2.147319
0.724607
0.875246
-2.041321
-0.695417
1.577021
0.603673
-0.400877
-0.394518
-0.175226
1.718178
-0.035937
1.490413
1.409624
0.468439
-1.276263
-0.147335
1.587840
-0.456555
0.107338
0.970580
0.723435
0.596768
-0.355422
0.033366
0.551000
0.495069
0.044321
0.313882
-0.397716
0.937257
0.150519
0.158473
-1.297344
0.122190
-1.343989
0.218923
0.954212
-0.367265
-1.206028
0.450006
-0.108905
-0.449483
0.888522
0.165397
-0.595666
-0.420517
2.255071
0.405356
-1.983845
0.007690
0.258582
-1.880355
0.769734
1.462041
-0.138043
0.332300
1.536608
0.111893
-0.627826
-1.095815
-0.630905
0.453600
-0.694137
-0.731195
0.891575
-0.175069
-1.296121
1.249819
-0.178919
-0.506938
1.645981
0.207558
-0.255364
-1.877654
-0.089426
0.359875
-0.299798
-0.530599
0.759886
-0.023333
1.503289
-0.452512
-1.648410
-0.467942
-0.657137
-1.461908
0.428638
0.800522
0.428770
-0.250747
0.390320
-0.415349
-1.466694
0.500467
0.927875
-0.660700
-0.707746
0.213286
-1.674638
-0.521377
1.005762
0.243842
1.455956
0.132182
-0.670041
-0.081474
-0.713396
0.793209
1.144929
-0.382641
-1.408157
-0.683552
-2.195545
-1.837487
-0.240065
-0.701079
0.923970
1.668567
1.480073
0.540608
0.498696
0.181266
0.259435
0.154182
0.256644
-1.261920
-0.511724
0.875639
0.871528
0.352748
0.798882
1.395168
0.202782
0.461514
1.178717
0.023734
0.050073
0.075430
-0.188379
-0.124387
-0.511323
0.928382
-1.888669
-1.077803
0.085601
-0.936358
1.383368
0.659644
2.154898
0.211587
1.032695
2.068839
-0.869944
-0.409422
0.213719
0.279838
0.587847
0.558964
-0.308492
0.923250
-2.201410
1.548070
-0.288376
-1.415994
-1.159277
-0.398983
-0.437210
-0.226980
-0.237887
-0.058816
0.487331
-0.668176
-0.557344
1.446431
1.397081
0.152837
-0.115802
0.617703
0.229142
1.604896
-0.020846
0.547842
0.845997
2.431176
-0.225143
0.979205
-1.049303
-0.483860
1.093709
1.583932
0.270804
-1.573175
0.442169
1.235292
0.603658
0.640164
-0.585054
-0.542164
0.088998
-0.622363
1.251075
-0.213584
-0.436014
1.319314
-1.325075
0.495820
-1.087990
-0.461490
1.165526
-0.196844
0.349406
-0.213576
0.728365
-1.524636
0.146138
-1.904189
-1.794769
-1.178337
-0.528805
-0.367534
1.310796
-2.019642
0.188448
1.219485
1.188583
-0.094330
0.583983
0.143189
-0.467133
0.499547
-0.030670
-1.482870
0.813464
-0.454139
-1.406794
0.234047
0.412484
-0.138734
0.424027
1.703335
-0.191735
1.194693
0.029715
1.999103
-0.311903
0.745407
0.829251
0.763419
-0.303219
-0.337736
-0.306532
-0.892824
-0.897892
-0.745502
-0.258988
-0.182597
-0.830884
1.706548
0.435832
0.110505
0.766815
-0.543840
-1.180362
3.263324
1.085249
0.619280
1.253455
-0.707808
-0.275099
-0.355548
-0.377585
-0.630502
0.611103
-0.271817
-0.304835
0.818698
1.247253
-0.315061
-0.106198
0.099944
-2.412943
0.778882
0.727100
-0.662751
0.618017
0.350566
1.162270
0.686060
-1.564080
0.815982
0.059568
0.025474
1.264253
0.050414
0.720614
1.600730
1.105927
-0.179552
0.433607
-0.870388
0.253769
0.638008
-0.464493
0.294824
1.296034
0.151640
-0.617876
-1.658674
0.397134
-0.169143
0.482417
-1.260652
-0.777816
1.199106
1.089625
1.997437
-1.333486
-0.551264
-3.206841
1.261815
-1.715369
-1.063604
1.888346
1.057095
-0.074407
-2.646921
-1.634692
0.253912
-0.740629
-1.025833
0.936080
0.557566
-0.154344
-0.847889
-1.397035
1.226151
-2.038679
-0.447877
0.036621
-0.852571
-1.377275
-0.058245
1.370504
-0.442141
-0.344746
-0.048836
-1.102535
-0.302901
-0.064041
-1.175726
-0.511415
0.558043
1.385109
-1.948653
0.532887
-0.036094
-0.073736
-0.497560
0.797894
-2.380122
-1.004435
-0.645062
0.247503
-0.638955
-0.061809
0.995799
0.953695
-1.111882
1.546978
-2.037034
1.336299
-0.471212
0.386588
0.197921
1.068468
-1.690438
-0.934549
0.176876
-1.583745
-0.016993
0.718952
0.212197
-0.041664
-1.449115
-0.116158
2.160831
0.307914
1.907004
1.143159
0.147841
-1.668938
-1.435749
1.688539
-0.861569
-0.892481
0.154014
-1.294651
1.144853
0.106763
-0.771825
0.986213
-1.798208
-0.363063
-0.591126
1.466274
1.284434
0.041109
1.175817
1.439570
-1.719600
-0.528525
1.154587
1.067691
-1.735802
-1.663641
-1.329057
0.478013
1.207352
-1.522708
1.105834
0.107684
0.599685
0.946418
1.534417
0.428870
-1.191331
0.141462
0.367645
0.971636
0.299749
0.140996
0.350923
-1.237012
0.029360
-0.408423
-2.664475
-1.382326
1.032884
1.182860
-2.062078
-0.294346
0.868347
0.620648
-0.453065
0.452298
-1.067234
-0.694085
0.499817
0.126782
0.786341
0.805938
2.362150
-0.332173
0.245354
0.584042
-0.312937
-0.693621
-0.504591
-1.048632
-0.133213
-0.519908
-0.790050
-0.154419
-1.208457
0.655501
0.456567
1.029289
-0.099105
-1.681575
0.728996
-0.054306
-0.396114
-0.086547
0.214828
-1.316109
-0.663337
-1.781277
-0.657482
-0.970236
0.556147
0.674923
0.112718
-2.352987
0.531402
1.045437
-0.798354
-0.486056
-0.271327
-1.443166
0.247595
-1.471495
-0.788250
0.039121
-1.174188
-0.143736
0.259870
2.232981
1.115828
-1.002983
-0.296063
1.241526
-1.466974
-1.323037
0.081984
0.284869
1.590193
-2.078147
0.556317
-0.030813
-0.292491
0.838414
2.271880
0.081751
0.271144
-0.054531
-1.086523
1.398057
-0.946006
-1.147359
0.890437
0.160095
0.691327
-0.643840
0.358244
0.768159
0.585419
-0.094956
-1.063336
-0.331332
-0.017196
-1.322731
0.834601
1.605723
-2.278135
0.451798
-0.483906
-0.144237
0.391348
1.896221
0.688249
-0.662086
2.114642
0.084519
0.201521
-0.041357
0.084866
-0.612712
-0.753257
0.006813
-1.310403
0.020139
-0.652473
-1.356407
-0.731013
0.074530
0.390442
0.552519
-0.278294
-0.645104
1.590705
0.560784
-0.585515
-1.263720
-1.049745
-0.971905
0.351769
0.720560
-0.423335
0.411901
-0.661889
-0.093336
0.536895
-0.317402
0.562014
-0.134249
-0.006850
1.941073
0.075671
-1.122471
-0.925531
1.340201
0.271834
0.560571
-0.225618
-0.194712
-1.216768
1.226782
2.231428
0.390246
-0.207261
0.942920
1.328802
0.236922
-1.441597
-0.489213
1.297786
0.095838
-0.405540
-0.983730
-1.151522
0.062007
1.105210
-0.711600
-0.949447
-1.101101
0.768199
2.328369
1.179862
-0.306516
-1.714896
0.319958
0.820031
0.609095
-0.511549
-1.419772
-0.319256
-0.869978
0.852462
-0.314130
-0.534805
0.030952
0.919497
0.074413
-0.135236
1.000895
-1.504051
-0.464101
-0.059304
0.237881
0.582013
-0.307606
1.353129
0.426080
-0.403996
0.800184
2.048667
-0.353420
-0.626031
1.235949
-0.684964
-0.854982
0.280657
0.266164
0.685944
-0.608709
1.414665
-0.307669
0.419407
0.708408
-0.733203
-0.322119
-0.194708
-1.660562
0.586884
-0.049493
-1.276906
0.117241
0.406987
-0.376235
0.468219
0.934853
0.307447
0.616443
0.431398
0.889905
0.606763
-0.754232
-1.970566
1.218993
1.229109
0.453690
0.426018
-1.231132
-1.606078
0.455282
2.052245
0.128873
-0.483954
0.813145
-1.311596
0.302169
-0.354351
0.220740
1.206221
-0.730034
1.382079
-2.501751
1.328713
-1.301749
-1.424367
-0.128554
0.164070
0.751878
-1.667481
0.819510
0.916466
0.773461
-0.813008
-0.107808
0.622228
0.976734
-0.859526
-0.474415
-0.374635
1.015566
1.046435
-0.337963
0.737956
1.305297
-0.342587
-0.989040
1.776901
0.757540
0.139306
-0.099644
-0.022028
-0.155168
-1.662250
-0.801684
-0.418625
0.911107
-1.142577
0.079175
0.269749
-0.796511
-0.914012
-0.071129
-0.398824
1.593839
0.213976
-0.765631
-1.936306
-1.448592
-0.711251
-0.388376
1.846850
-0.001351
1.054562
-0.639729
0.032091
2.262092
0.738083
-0.186929
0.108965
1.257821
-0.258884
1.009632
-0.450861
-1.470258
-0.072447
0.580146
-0.448837
0.446291
-0.176058
-2.454132
-0.461437
-0.571898
1.481457
-0.144611
0.209675
-0.195808
0.183382
-1.460181
-1.494715
0.886069
-0.751650
-0.035073
0.117569
-0.980402
0.446960
-0.835590
1.473140
-2.174737
-1.057626
-0.498252
-1.143580
0.767649
0.744765
0.064435
1.570224
-0.875879
0.714023
1.035560
0.199091
0.786569
-0.241518
0.050230
0.422886
-0.548380
1.056209
0.272335
0.232338
1.039418
0.412098
-1.576525
-0.956613
-0.180583
0.925308
-0.480509
0.233494
0.865525
-0.270265
1.123438
0.474368
-1.899485
0.274634
0.823542
-0.469333
-0.534878
-0.248072
0.757744
-0.940574
-1.400854
0.712865
-0.923935
1.790431
0.627127
-0.402463
0.310708
-0.782700
-0.654923
0.698838
-0.196083
0.119491
-0.310481
-1.153383
-2.293571
0.199141
0.479124
1.736997
-0.000591
1.014215
0.451329
-0.441715
-0.131827
-0.059389
-0.082405
0.573219
-0.112673
0.244232
-0.122852
-1.514670
0.742074
0.019171
-0.820872
1.086940
0.158043
1.096533
-0.849577
-0.496754
-1.201836
1.167566
-0.480621
0.788408
-0.517635
-1.307125
0.258016
0.859944
2.031332
0.917484
-1.186455
0.518457
0.014388
-0.125800
0.296231
1.254530
-0.863120
0.255186
0.087859
-0.826462
-0.317367
-0.809661
0.162368
0.896558
-0.819389
-1.950610
1.270147
-0.010958
0.641998
-0.211836
-0.085070
0.315999
-1.298263
0.782510
1.709229
0.597425
-0.327329
-0.094280
0.866604
-1.412167
-0.105024
0.458550
0.759949
-0.223065
0.338963
-1.174924
-0.442052
-0.303101
-0.947696
-0.915747
1.066971
-0.571162
3.095996
3.462608
1.281589
-0.283515
1.148731
-0.931359
1.139037
-0.526822
0.374720
0.658545
-2.342525
0.061601
1.546951
0.673428
1.162733
-0.176894
0.375826
0.348441
1.399901
-1.630607
0.339941
-0.648327
-0.036461
1.935352
-1.003080
-0.156370
0.141456
0.696110
0.958421
-0.597492
-1.327421
-1.048769
-1.527879
0.236345
-0.995936
1.062152
0.727883
-0.177416
0.174614
-1.013653
-0.328584
-0.438023
0.088551
1.609895
0.440909
1.435838
1.254563
0.841603
-0.924391
-0.315089
0.284283
0.385737
-0.367726
0.937060
-0.142826
-0.954158
-0.771132
-1.264053
-0.185625
-0.228720
-0.796144
-2.174881
-1.625868
2.047189
1.167971
0.674689
-0.211022
0.864316
-0.999843
-0.405302
0.257012
0.823729
-0.948155
0.586665
-1.651662
-0.236651
-0.694919
1.131281
-0.191649
-0.128577
-2.904631
-1.264409
-0.856522
-0.842323
-1.023155
-0.213127
-0.349754
-1.525464
-0.755117
0.322663
0.266153
-0.186850
1.260522
0.233726
1.912184
0.887006
0.175772
-0.150159
1.511601
-0.561324
-0.417454
-0.370535
-0.873735
-1.216931
0.627255
-0.855256
-0.019118
-0.091665
-1.467782
-0.242787
0.271346
0.497433
-0.963271
0.175155
0.718398
-0.162228
0.204986
-0.164821
-0.260872
-0.371023
-0.628205
-2.132027
0.472872
0.271207
-0.217976
0.995354
0.142943
1.036171
2.050939
0.393059
-0.404346
0.957816
0.376602
-0.818808
-0.310022
-0.691652
-0.669952
1.405097
0.470453
-0.572699
-0.473364
-0.251253
-0.098899
1.738097
1.963580
1.745877
-1.788073
0.558390
-2.154162
0.064215
-0.184128
1.904220
0.608728
-0.174175
-0.980928
1.237669
-0.086413
0.131634
-0.576828
-0.381875
0.416163
-0.371779
0.877868
0.089779
-0.513331
-0.124876
-0.105436
0.056881
-0.075344
0.072865
3.375541
-0.523518
-0.664171
0.139451
2.564114
-0.090528
0.456064
1.142613
-0.393199
-1.301788
0.911064
-0.513638
-0.650605
-1.645880
-0.672047
0.816783
0.727973
0.319539
0.287596
0.748103
-0.345519
-0.116271
-0.626516
-0.717688
-0.906351
-1.343772
-1.615700
1.229312
0.396980
-0.210989
0.667532
-0.830570
-1.364092
-0.756042
1.655110
0.351163
0.353262
-1.394883
0.510246
-0.507353
-0.926229
1.168198
1.123684
-1.205598
0.483863
1.538337
0.101966
1.256752
-1.299837
0.564238
-0.577202
-1.468774
0.004754
0.189443
-1.533603
0.079982
-0.189623
-0.017007
0.445904
-1.390269
-0.454422
1.012698
-0.198193
-0.109656
-2.114740
1.049639
0.887992
0.942581
-1.137887
-0.812791
-0.330021
-1.265081
1.280936
0.910877
0.924250
0.835108
-0.981053
-0.658098
0.422507
-0.285111
2.441723
-1.282443
0.533424
-0.116764
-0.247402
-1.137849
-1.318790
1.746354
-0.252259
0.925766
0.479853
0.090822
-1.135458
0.054592
-1.421821
-0.862574
2.355808
0.670383
1.270176
-1.555112
-0.245186
0.519466
0.752635
-2.386555
-0.583117
0.240595
-2.186404
-0.556466
-1.330453
1.061994
-1.220121
-0.732866
-1.734380
0.664306
-2.044492
-2.018330
0.254107
-0.413964
-0.386641
0.393294
-1.398795
-1.377323
0.000884
-0.665719
-0.562689
-0.421321
-2.122730
0.866172
-0.084229
0.201734
0.001279
0.451865
-1.161709
0.779484
1.025652
-1.577360
-0.369511
0.707607
-0.179195
-0.125583
0.349524
1.398136
-0.860891
-0.282184
-0.722893
1.796726
-0.144730
-0.655955
0.296587
-0.989874
0.733036
1.407248
-0.278137
0.024153
-0.891533
-1.527849
-0.381125
-0.827961
-0.384096
-1.162726
-0.030265
-0.432664
0.457700
0.374968
-0.617191
0.833571
0.272381
-1.199109
-1.240365
1.260536
0.279354
-1.609664
-0.515191
0.695550
-1.105100
0.203706
-0.137823
-1.434715
-0.438180
1.770964
0.036311
-0.728008
0.013275
1.228367
0.551317
0.756698
-1.158439
-0.353706
1.552578
0.236835
1.091615
-1.899925
-0.226127
1.344672
0.187330
-1.970944
-0.835741
-0.683145
-1.229664
-0.102503
-0.168833
-0.570222
-0.946867
-0.453072
-0.924648
1.218684
-0.028766
-0.382965
0.451492
2.325531
0.390015
-2.127930
0.819396
0.031768
-1.612783
-1.984527
0.298094
-0.654833
-0.881504
1.324437
-1.430823
-1.532561
0.234818
-0.562690
-0.727374
-2.878868
1.760337
0.466096
-1.532316
-0.438516
0.182592
-0.913483
0.592411
-0.226917
-0.268948
-0.521130
-2.323766
-0.252198
-0.874133
0.304893
0.301368
-0.012750
1.660901
0.153659
0.053560
-0.512237
-1.390378
0.646197
0.776216
0.835181
-0.299715
-0.864035
1.407019
0.068243
-1.628486
-1.043231
0.532092
-0.512520
-0.519780
-0.245050
-1.187282
0.192513
-0.669493
-0.199392
0.160422
1.350509
-0.723585
0.266257
1.423398
0.293349
-0.470806
-0.526839
0.395439
-0.832014
1.861493
-2.816167
-0.725367
-0.106795
0.497662
0.425413
-0.197831
2.943209
-1.071397
-0.835456
-1.304283
0.994250
-0.020697
-0.782781
0.346943
-0.612028
-0.309493
-1.027894
0.958296
-0.541673
-1.040896
0.188661
-0.181615
0.807001
-1.277310
-0.331470
-0.297167
-3.417302
0.697241
2.476842
-0.708144
1.638522
-0.827254
-1.117852
1.168175
-0.450035
2.105185
-0.377482
1.340940
0.103007
0.159351
0.335199
-1.228453
0.348279
0.597727
-2.829415
2.068848
1.224027
0.587996
-0.328735
-0.323651
0.406502
0.336648
0.606920
-0.220573
-0.026945
0.003793
-0.071617
-0.406618
0.201441
-2.001806
1.484777
0.154660
0.131839
-0.080288
1.681322
0.958087
-1.293212
1.039777
-0.728004
-0.145602
-0.532131
-0.773081
-0.871141
0.110546
-0.401044
1.139252
1.003575
-0.710359
-0.555399
-0.121810
-1.187623
-0.386027
-1.929845
-0.261768
0.823018
-1.012211
0.297407
0.306288
-2.348393
0.527473
0.411775
-1.138032
0.055411
0.516309
0.690561
1.093193
-0.150706
0.633416
-0.663020
1.357694
-0.413544
0.903282
0.870915
0.923925
0.500192
-0.736634
-0.377470
-0.949325
-0.152896
-0.998747
0.023024
-1.487152
-0.488512
-0.877999
0.581618
2.054267
-0.963475
1.072433
-1.597330
1.392259
1.712439
-0.522380
0.446554
0.000246
0.104009
0.506767
-0.291972
0.374088
0.236389
-0.639893
-0.500540
-0.109025
-1.280573
-0.587863
-0.532766
1.221543
-0.889312
0.942970
-0.876100
1.576662
-0.302016
-0.038535
-1.451541
0.345525
-0.532561
0.700367
-0.711432
1.096397
-0.687450
0.257899
-1.298058
0.477792
-0.008154
0.107657
-0.463202
-0.453784
0.447743
-1.001786
-0.070848
-0.240581
-0.308868
0.407305
-1.011937
1.140339
-0.461082
0.490776
-0.800207
-2.029882
0.541671
0.666172
0.081123
0.665022
-1.121181
-0.026806
-1.450443
0.768113
-0.487196
-0.061327
-0.525514
0.122679
1.546021
0.120195
0.904901
-0.607563
0.544993
-0.838960
-0.653917
-1.208245
0.164545
0.172114
0.154915
0.937655
-0.980043
-1.411247
-0.749859
0.959107
-0.181326
0.978763
-0.820222
3.827572
-1.114588
-0.165594
0.968848
0.217014
0.002173
-0.189108
1.346390
-0.779178
-1.762022
0.573115
0.675639
-0.377338
1.276348
-0.092503
-0.464343
0.459970
1.432057
0.122986
-1.906994
-1.520666
-0.194973
0.019677
-1.039250
0.497676
0.621596
-0.057414
-1.503723
1.184594
0.238743
-0.551478
0.273418
0.274897
-0.090866
0.990411
0.725392
1.108690
-0.069219
0.956283
0.360937
-1.171904
0.155342
1.364432
-1.190728
0.207802
-1.830841
-0.866097
-1.217263
-0.400512
-1.594554
0.462467
-0.504104
0.895777
-1.261698
0.186230
-0.922538
0.120138
-0.082782
1.788855
-1.502003
-0.963060
0.114348
-0.118964
-0.450379
1.279318
-0.432655
0.289861
0.418405
0.552139
-1.730281
-0.668442
-1.449019
0.038146
-1.019004
1.044114
1.099185
0.072446
-0.657895
1.008055
-1.571130
-0.610308
0.677681
0.483590
0.605177
0.980580
-0.233585
-0.547998
-0.333879
-0.466002
-1.588422
0.476418
0.881186
-1.479899
-0.720926
-0.008467
-1.620461
0.697882
1.793943
-0.338043
1.057301
0.599279
-0.843080
-1.086635
-1.403790
0.001019
-0.439754
1.133479
-0.401242
0.902249
1.112974
0.870398
0.723461
0.981833
-1.649438
-1.675442
0.669672
0.034456
-0.116093
1.233618
-0.328221
-0.293635
-1.154437
-1.759963
-0.736123
0.433023
0.998287
1.132487
0.384312
-0.830454
-1.170901
0.581889
1.449948
-0.358896
2.055487
-0.173445
0.708993
-2.156118
0.907046
-1.226111
1.043735
0.560488
-2.050688
-1.004659
-0.830015
-0.879414
-1.312409
0.700623
0.924090
-0.398953
-0.215693
-1.037143
-0.402226
-0.954033
-0.687088
-0.973294
1.744194
0.316603
-0.009929
1.893124
0.661368
-1.989563
-1.226283
1.138838
0.799584
-1.345650
-1.274135
-1.053119
0.049495
1.153621
-0.460222
-2.449838
-1.247001
0.409990
1.937982
-0.949856
-0.058995
-0.071291
-0.423555
-1.540414
1.361215
-0.070528
-0.360492
0.395573
0.099608
1.349413
-1.398627
-1.223073
0.167607
-0.426629
-0.853921
-0.881898
1.416698
-0.407221
0.931917
-0.803539
-1.200916
-0.020639
0.451124
0.448126
1.525313
1.110533
-0.263949
0.489184
-0.242415
0.261242
0.497546
0.279655
-0.319522
0.143921
-0.137725
-1.906117
-0.372008
-0.457438
-0.474434
-2.495917
0.603814
1.944723
-0.889269
0.087652
-0.723562
-0.029882
-0.260003
0.962041
-1.900196
0.004870
-1.502191
0.538707
-0.660927
0.939524
-1.191409
0.690465
0.437954
-1.324275
0.288602
3.239442
-0.099614
0.084674
-0.321871
0.759461
-0.335427
-1.590543
0.225455
0.451688
-1.430404
0.812418
-0.019546
-0.040671
1.733576
-0.690149
-0.145819
0.142201
1.888814
1.432356
-0.700273
1.116932
0.654227
0.364246
-1.842393
0.484352
0.097308
0.574832
0.611031
-0.044642
0.405036
-0.282170
1.061123
0.593661
-2.450862
-0.004063
-1.487576
-1.226956
2.128030
0.223370
0.017021
-0.695910
0.467494
-0.508009
0.518971
-0.669513
-0.398123
0.852045
-0.476389
1.256939
-0.697915
-0.616203
-0.590730
0.044073
-0.249209
1.185226
-0.481107
0.923564
0.056255
-0.878353
0.715144
-0.499288
0.819655
-0.206589
-1.126866
0.651619
-0.333167
-0.554866
-0.647098
-0.419983
0.776685
0.391480
-1.424074
0.579983
-0.784897
-2.449634
-0.335441
0.635261
-1.024689
0.741004
-0.865541
-1.265407
0.161294
0.879537
-1.540109
-0.176578
0.082635
1.132923
0.341716
0.528101
-0.763918
0.316997
0.135811
0.692747
1.410930
-1.067904
-0.849678
-0.520214
-2.257762
-0.897726
1.123524
0.806419
0.077873
-0.242937
-0.376850
0.632366
0.650004
-0.047656
-0.267552
0.210472
-0.244805
1.642727
-0.737531
-0.839386
0.271660
-0.251903
0.719709
0.156054
-1.305537
0.050901
-1.124872
-0.706398
-0.850332
0.327774
-0.126139
-0.258819
1.161714
-0.177783
0.582331
0.241795
-0.595985
2.346385
1.369949
1.131573
-1.739180
-2.140637
-1.925603
0.141214
0.734010
0.818823
-2.210713
0.111263
-0.070263
0.977364
-1.496494
-2.011129
0.538987
-0.241892
0.828702
1.764488
-0.187845
-0.550746
-1.686432
0.963036
-0.736130
-0.157623
0.554814
-1.408855
0.827981
-0.431680
1.400060
-0.532894
-0.523433
-1.970235
-1.779613
2.286098
1.105657
0.673113
-2.073690
-0.616973
1.612424
-0.253304
0.906182
-2.445596
-0.097953
2.676426
1.287175
0.972830
-0.546859
-0.609231
0.023262
1.088419
-0.703562
1.175653
-1.863541
-0.015752
-0.793181
-1.091329
-0.364340
2.346995
-2.002015
0.879692
-0.020791
-2.205998
-1.740189
0.984154
1.338017
-1.144879
1.453460
-0.387805
1.319870
1.043543
1.064013
0.362999
-0.607622
3.077298
-0.306809
-0.757200
-1.112203
-1.012189
-0.651678
0.688942
-0.661019
0.142837
1.049200
0.961433
0.247026
0.064885
-0.246409
-0.457310
-0.462035
0.177017
-0.308730
0.279275
-0.345194
0.079307
-1.194639
-1.909258
0.922321
0.835091
-0.483925
0.857040
-0.494299
-0.617226
-0.702312
-2.947573
-1.848282
-1.300840
-0.374064
0.177857
-0.869343
1.197966
0.140972
-0.085595
-0.369828
-0.366219
2.733707
0.270993
-0.333692
0.010066
-0.693041
-0.014633
-0.586360
0.112149
-0.045651
0.191032
1.564150
-0.687928
-0.822972
1.061059
0.302280
-0.354018
0.851464
0.045613
-0.153808
-0.021278
-1.570911
0.560081
-1.024940
-0.722986
1.516045
0.611554
-0.136747
1.046436
0.408037
-0.182544
0.707685
-0.717232
-0.890158
-0.235665
-0.048139
-0.756618
1.723440
-1.138999
-1.374439
0.730398
0.419203
-1.206589
-0.184385
-0.168551
0.247975
1.240623
0.146779
-0.617460
-0.450560
1.234555
-0.768173
-1.069207
1.047001
0.061282
-0.290765
-1.025968
-0.039446
1.063642
-0.627004
1.738330
0.160227
-1.744468
0.902262
-0.630397
-0.486604
0.324724
-0.200301
-0.534479
-0.509780
0.148529
-0.988280
-0.951522
0.300203
-0.859858
0.076971
2.194843
0.596646
1.087787
0.469735
-0.039589
-0.222365
-0.044576
-0.414726
-0.895286
2.181592
0.504509
0.852818
1.651281
0.647140
0.890095
-0.619563
0.619035
-1.547704
0.920727
1.248505
2.127993
-1.129479
-2.237740
-1.191277
-0.544019
-0.367216
-0.094264
0.035801
0.396892
-0.934626
0.688929
1.176440
-0.190905
0.175968
0.440244
-1.903763
-1.418862
0.867401
0.727416
-0.138491
-1.510254
-0.082049
0.540179
0.927539
1.739067
-0.892957
1.451286
-0.761762
0.735557
-0.412670
-0.442819
-0.133356
-0.527876
-0.998096
-0.065583
0.411972
-0.091784
-0.844485
-0.443470
-1.137805
0.379244
-1.136087
-1.849683
1.294869
-1.295846
-0.345880
0.310128
1.369454
-0.347239
0.149434
0.327831
-0.545680
-1.832303
0.376651
-1.636709
-0.155385
-0.261785
1.345501
-1.629568
0.112133
-0.145698
0.156775
0.295451
-0.623498
-0.485688
-0.672628
0.706018
-2.170298
-1.378808
-0.780415
0.371766
-1.331975
-1.712163
0.104918
2.140429
0.580657
0.496301
0.610670
0.579595
-1.910269
1.577803
1.860003
1.140780
-1.248208
-1.208717
0.831890
0.577431
0.312758
0.461948
-1.019465
-0.303919
1.320821
0.745216
-0.289918
-0.353101
1.387944
-0.183207
-0.632187
0.634178
-0.270981
2.061939
1.543471
-1.388099
-0.997840
0.443738
-1.229271
-1.690766
1.351814
-0.336514
0.992353
-0.249617
-1.635129
-0.011820
0.061849
-0.085951
1.267978
-0.003606
-0.252223
0.035666
0.439968
1.462740
0.035757
-0.822681
1.391262
1.092967
0.064435
-1.765055
1.005401
-0.127991
0.380383
-1.517799
-0.833045
0.402518
1.046644
0.231088
-1.311588
0.085667
-0.587535
-0.466151
-0.303422
-0.160197
0.157966
0.138558
0.721903
1.208012
0.399894
-1.274131
1.499364
-0.503522
0.087644
0.003747
-0.460706
-1.344761
0.098641
-0.597069
1.506508
-0.385157
-0.496240
-1.860994
-0.712502
0.687868
1.597921
0.335972
0.431718
1.293884
0.501098
-0.969608
0.137300
-0.168461
0.057458
-1.557281
0.187470
0.213222
-0.575229
2.725874
-1.667807
-0.993218
0.139382
0.122242
-0.576338
1.663233
-0.763887
-0.586000
-1.453898
1.551778
-1.612834
-3.052721
0.583621
-0.173998
-0.479646
0.174388
-0.677308
-1.196651
-1.611718
1.008494
-0.230229
-0.362163
0.418567
1.184941
0.636934
0.183245
-0.477806
-0.661143
0.267102
-0.130331
-0.255387
-0.861210
-0.705571
-1.020617
0.510392
0.803461
-0.193588
1.222163
-1.501149
0.470641
-1.293689
-0.098258
-0.980892
2.097944
-0.084089
-0.153190
1.403306
2.260581
0.971357
0.349939
-0.874650
-0.629953
0.093925
-0.267128
-3.056170
-0.233791
-0.168522
1.309274
-0.074551
0.116675
-0.866079
-1.522994
-1.333023
-0.788362
-0.742644
2.723098
-0.508815
1.203073
0.269780
1.071629
1.756393
1.688051
0.305867
0.560022
1.136952
-0.444158
-0.382810
-0.292401
0.487440
-0.178595
-0.134316
1.045865
0.846601
0.780877
-0.526389
0.791659
0.836635
0.429581
-0.105245
0.519420
-0.143644
-0.406458
1.464866
-2.005356
-0.509296
1.077211
0.454363
-1.295454
1.937460
-0.807713
0.782814
-1.371821
1.126130
-0.334382
0.573857
0.736420
-0.433330
0.938229
1.106826
-1.121547
-0.381817
0.070136
-1.949151
-1.113674
0.660701
1.222485
-1.081307
-1.138709
0.575479
-1.617756
0.749411
0.778212
0.356941
-1.387068
-1.648671
2.676079
1.307872
0.548425
-1.851020
-0.456399
0.728634
-1.627177
0.630551
-1.958731
0.163257
-0.632533
-0.698339
1.492531
-1.041594
3.004123
1.552338
-1.454837
-1.088358
-1.129632
-1.340442
1.330330
0.157860
-0.519264
-1.295248
0.419494
1.339219
-1.355551
0.594770
-0.547964
-1.023763
0.279683
-0.718032
-1.242079
1.784576
-1.232650
-0.311616
-1.606268
-0.455946
-1.566418
-0.865777
-0.062029
1.081443
-1.022026
-0.806938
1.080549
0.002615
0.642292
-1.248111
-1.365717
-0.250412
-0.639325
1.572746
-0.906447
0.414908
1.015030
-1.285559
2.519816
-0.329796
-0.682351
-0.148291
-0.698673
1.483506
0.399223
0.775877
-0.145628
-0.675061
0.925949
-0.619344
0.197842
0.422411
0.018416
-0.094363
0.990975
-1.253102
0.240915
-0.563513
-0.553746
-1.341169
0.643044
0.541513
-0.983236
0.662147
0.928925
-2.266500
0.432809
0.215386
-0.827776
0.489289
-1.043617
0.934623
-0.549676
0.680038
-0.402988
2.045057
-0.416676
0.000421
1.496445
-1.081067
-0.141910
-0.696760
1.502338
1.362498
-0.708292
0.882300
-0.251019
-1.339042
-0.537903
2.727264
1.526127
0.334221
0.815444
1.020178
-0.569581
0.193261
1.955690
-1.112098
0.660181
-0.416279
0.604076
0.719081
2.239851
-0.477293
0.052304
0.860165
0.479118
0.326988
0.584312
1.031983
-0.838541
-0.491482
0.009366
0.614882
-0.325345
-1.083481
0.035670
-0.965076
-0.385214
-0.163172
0.279530
-0.363451
-1.023961
0.550756
-1.312598
1.356728
0.214596
-0.350643
-0.739420
1.142543
-0.812790
0.885815
-1.322256
0.276019
-0.580916
-0.704821
1.049752
0.070384
0.938516
0.774918
0.942867
-0.308842
-0.267055
0.156685
-1.431667
-1.205843
-1.934551
-0.291790
-0.422365
0.894318
-1.983521
-0.829722
-1.138380
1.830475
0.083968
0.408038
1.479638
-1.118247
0.126482
-0.897812
-0.315663
-0.890699
-1.446569
-1.293685
1.821354
-0.448092
1.013042
0.727802
1.447971
-1.190907
0.657101
-1.089220
0.379086
0.291043
0.037277
0.463303
-0.342586
-1.448928
-0.475780
-0.007917
0.267222
0.471685
0.334364
0.753450
0.584028
-0.048752
0.042985
0.582251
0.485868
-0.778112
1.267791
-0.127987
-0.147283
-2.594854
-0.994765
-0.290661
-0.510056
0.695661
0.311472
0.297467
0.986536
0.473338
0.621309
-0.564521
2.041272
1.376850
-0.077581
0.166047
1.382516
-0.758838
1.029338
0.726680
-0.966475
-0.605817
0.732032
-0.804768
-0.303685
0.511068
0.069609
-0.125310
-0.703405
0.940724
0.653571
-0.186389
-0.321235
-0.574690
-1.699255
-0.556535
0.961189
2.327596
-0.977309
-0.320309
-0.787970
0.054437
-0.512751
0.495301
-1.639076
0.045708
2.250637
-0.097531
1.375263
-0.075942
0.301330
0.844043
-0.472039
-0.266782
-0.536842
-1.349745
1.710850
1.710976
-0.047548
-2.080179
-0.118121
-0.090784
-0.316832
0.564099
-0.165473
-1.794909
0.039909
-1.168288
-2.083499
-0.291385
-1.224143
-0.741076
1.069192
0.691488
1.530373
2.010185
-1.097814
-3.017412
-0.885845
0.416275
0.102284
-0.044060
-2.146627
-0.922149
-0.486358
-0.891515
-1.879428
3.269719
-0.437664
-0.567047
0.675749
-0.582431
-0.507594
1.568266
1.442907
-0.713288
-1.225338
0.407557
-1.501536
1.236367
1.047227
1.664610
-0.750200
0.088147
0.104236
-0.628218
-0.632086
0.783495
0.005447
0.623020
-0.182665
-0.661264
-1.099103
-0.986625
0.034992
-0.322811
-0.838258
0.581053
-1.978006
-1.011328
-1.959690
-1.185522
-0.115584
0.087573
0.284816
-1.179024
1.545548
0.511405
1.272008
0.424958
-1.277403
-1.701165
0.407159
-1.039608
2.182874
-0.063705
-1.698813
1.087231
1.500042
0.389811
-0.336781
1.095095
-0.425466
0.550061
-0.287511
-0.984440
-1.093011
-1.491580
1.609032
-0.719739
-1.465232
-0.844003
1.241728
-0.999523
2.321406
0.382952
-0.232292
0.527331
1.162766
0.468541
-0.024897
-1.278774
1.303723
-1.353721
0.190324
1.750559
-1.156810
0.864265
-0.173405
1.264487
-1.935444
-1.452579
-0.022168
0.643070
-1.987096
-0.081047
1.421656
0.310572
-0.435722
-1.026910
0.889546
-0.285847
-2.365055
0.883762
0.540410
0.747934
0.391169
1.346676
-1.622210
-0.167530
-0.829273
0.075727
0.232806
-2.457330
0.240201
-1.520606
-0.446822
-0.207751
-1.332617
-0.204035
0.925049
-1.381583
-1.931298
1.015333
0.689717
1.084709
-1.444164
0.270230
-0.108804
-0.089547
1.418425
1.771347
0.204770
-1.753930
1.076116
0.081981
0.008200
-1.047135
0.342664
-0.752463
0.162629
-0.495533
0.727239
-0.251239
-1.642099
1.087234
-0.739215
0.842913
-1.847070
-0.219783
1.868886
0.976563
0.626298
-0.880818
-0.218489
-0.137369
0.402606
0.895721
-1.219729
-0.883034
-1.437312
-1.677693
1.588641
1.046787
-0.032930
1.258958
-0.978571
-1.236417
0.275499
0.045934
0.312297
-1.645478
0.149686
-2.025138
-0.855520
-2.055273
-1.458707
1.443346
-1.242910
-1.437803
-1.902057
-0.651328
-0.192550
-1.483011
0.775962
1.245050
0.851681
-1.882528
-3.384319
0.172319
-1.034913
-2.433327
0.310920
-0.467498
-0.269528
-0.256033
-1.203817
-1.007759
-0.510168
0.103714
1.108291
1.214344
-0.999502
0.790326
-1.089800
1.550173
1.435258
0.693534
1.053230
-0.185244
0.890266
-0.313829
-0.247257
0.611311
-1.655874
-1.272058
-1.027166
1.874166
-1.014758
0.794557
-0.035782
-0.694556
0.513923
-0.511166
1.267192
0.654787
-0.832768
1.881233
1.697271
0.073930
-0.046870
-1.678423
-1.745965
1.276821
-1.309138
-0.545668
-0.701298
1.173097
2.439871
0.697066
-0.201864
-0.307294
0.139096
-0.616916
1.140081
1.052246
-0.555053
0.459369
-0.644593
-0.254971
0.238405
1.097427
-0.877179
1.102639
-0.395913
0.058998
0.791532
-0.802646
2.205270
-0.945349
-1.375452
-2.044163
-0.404968
0.712803
1.258912
-0.059978
0.879888
1.363667
1.067750
0.497937
0.567810
3.218785
0.653287
0.531458
-0.429704
0.037179
0.275449
-0.353272
0.338016
1.200296
-0.290107
-1.143730
0.510004
1.951344
0.051304
0.365403
0.239561
-0.051915
0.654093
0.709631
-1.087171
1.066546
0.964658
0.520383
0.650343
1.337573
-0.731460
-0.226031
1.068447
0.358420
-1.747147
0.416143
1.034438
0.136360
0.692112
-0.526775
1.161878
-0.750201
-0.911456
-0.104202
-0.373802
0.046138
0.385193
-1.660262
-0.278427
0.730323
-0.020554
-0.387511
1.620231
-0.423982
-1.343754
0.820473
-0.832546
1.345415
0.793477
-0.742955
-0.453760
-0.594633
-0.661168
-0.070760
-0.145112
0.815331
0.306408
-0.223251
0.671431
-1.138449
0.053301
0.122350
-0.648190
0.873740
1.337567
-0.008646
0.800378
1.192240
0.498022
0.922878
-1.496177
-0.862133
-0.358218
0.472585
1.511163
-0.506290
1.569229
0.311270
-0.087813
0.647769
0.526955
-0.662735
-0.050586
0.976320
-1.034319
-3.132468
0.622359
1.944289
0.141561
-0.018224
-1.478042
-0.455902
1.012846
1.629104
-1.513987
0.853031
-0.287516
-0.847065
-0.883098
-0.791136
0.097156
1.118654
1.592080
-0.983149
-1.210358
0.098119
-0.038984
-1.142823
1.059759
1.636257
0.624407
0.203031
-0.656937
-1.274061
-1.594414
1.778054
1.188001
1.755754
0.676159
-1.995821
0.821515
0.214216
1.326793
-0.556628
-0.797370
1.315849
-0.191260
-0.573428
-0.274708
-0.747200
-0.426722
0.913851
-1.327442
-1.361749
0.813779
0.790167
-1.494695
0.444678
-1.154674
-0.688798
0.119296
-0.014104
-0.167177
0.534789
1.043291
1.816128
-0.277075
-0.470126
0.000829
0.315991
-1.639247
0.010761
0.160072
0.946426
-1.616448
-0.115348
1.909926
0.277757
-1.492433
-1.391798
0.665991
0.754413
0.718173
-1.067954
0.024266
0.538203
-0.390885
0.099179
-0.796888
-1.563892
-0.467782
1.149841
-0.206075
-1.540415
-0.312198
0.644678
-0.876062
0.667612
0.133249
-0.146328
-0.645899
-0.347839
0.928326
0.448620
0.843670
-1.235414
0.901049
2.519794
1.469221
0.289641
-0.567624
-1.770602
-0.453274
-1.087979
-0.297417
-0.940392
0.437229
-0.193627
0.319969
0.345066
-1.420452
0.536128
0.068889
1.294229
0.414391
0.515539
0.103414
0.715092
1.297742
0.358019
-0.001190
-0.429292
-0.479125
-1.270838
-0.408761
0.333666
0.233400
-0.343114
0.021196
-0.766723
2.400194
0.948324
-1.156010
1.889270
-1.013875
1.624982
0.333234
-1.498515
-0.576070
-0.532950
0.234502
1.385585
-1.570374
0.113623
-1.927155
-0.460492
-0.633364
-0.157041
-0.118177
-0.497078
0.017537
-0.161840
-0.962965
0.724304
1.432799
-0.539620
0.444333
0.818260
0.686055
0.064212
-0.834627
0.795612
0.671750
-1.009192
0.722238
0.679990
-2.078640
1.287308
-1.006912
1.081615
0.995496
0.280481
-1.671468
0.484838
-0.627587
0.125051
0.683309
0.874661
-1.607985
-0.345865
-1.183504
0.950268
0.914608
-1.274244
-1.828074
0.268201
1.359541
1.392269
0.986240
0.291560
-1.485115
0.671059
-1.175453
-0.457373
1.158988
2.008439
0.832350
-0.746905
1.596086
0.222232
0.233727
-0.673764
-0.414689
2.126330
-0.073909
-0.455913
0.452822
0.855249
-0.141194
0.323275
-1.832585
-0.441072
-1.113813
-0.693694
-0.425414
0.187052
-1.213553
-0.601267
0.463653
0.136299
-1.202655
-0.526781
-2.644531
-0.620363
0.385111
0.603326
0.667203
2.321813
0.442402
0.960850
0.069857
-0.050246
0.450312
0.481347
0.795910
-0.151045
-0.998779
0.104785
-1.544181
-0.563718
0.296777
-0.320809
1.659634
-0.153430
0.475534
-1.482407
0.780650
0.108623
-0.081329
-2.061958
0.196746
0.792913
2.037956
-1.511809
-0.944599
0.062635
-0.842400
-0.381390
-0.149113
-1.513849
1.423069
-0.112211
0.231101
-0.052658
-0.842333
-0.210043
-1.213466
-1.201220
-0.288978
-0.770759
-0.383580
0.418058
-1.012676
0.785233
-1.125955
0.240239
0.556855
-0.489907
2.021800
2.295064
-0.994995
-0.660426
-1.110383
0.040426
0.196984
-1.751631
0.248345
-1.642878
-0.295804
0.114967
-0.685744
-0.162584
0.889705
-0.778588
0.290281
-1.789681
-0.628537
-0.192884
1.540093
2.681807
0.112513
0.654815
0.248322
1.715311
0.881546
0.658886
-0.062304
3.263780
-0.551344
-0.797455
-0.408657
0.845488
-0.553365
-1.628740
0.796268
-1.967940
-0.589163
-0.090907
1.084883
-0.663294
-0.133455
-1.071769
0.145706
-0.305608
0.443271
0.701715
-0.567197
0.650377
-1.157370
-0.508962
1.335709
-0.162012
-0.530535
-0.078302
-0.420043
2.483163
-0.265588
-1.771043
-0.309830
-1.945091
-0.622811
-0.115088
-0.314339
-0.806060
-0.132958
0.563554
0.237427
0.224267
-0.389602
0.508648
0.712498
-0.444289
-0.755542
1.608419
-0.813354
-0.907868
-0.086750
-0.677921
1.587143
-0.733395
1.690564
-0.520320
-0.545321
0.345580
0.973152
-0.523408
-0.868927
0.186659
-2.200176
0.638453
1.006876
-0.333317
-1.144554
0.093121
-0.142635
-0.477146
-1.302845
-0.155095
-0.640031
-0.097442
-1.020902
-0.817457
0.360510
1.158633
0.394314
-3.024104
0.164339
0.378071
0.579631
-0.608761
-0.699660
0.904854
-0.438663
-1.083553
-0.550833
-0.249793
-0.328212
0.195785
-0.553273
-0.247092
-0.959024
0.819633
2.254220
0.440417
-0.581881
1.632606
-1.494797
-1.016045
1.153948
1.692577
1.316145
1.345095
-1.431807
-2.088490
0.206593
0.417184
1.733430
-1.344748
-1.618147
-0.369215
0.460777
-0.808537
0.756050
-0.366590
-1.300486
-1.261230
0.156912
-1.875390
1.850935
0.083831
0.329542
-0.802854
2.176783
0.623384
-0.643995
-0.353433
-1.584790
0.957662
-1.572295
-0.719885
0.098486
0.402246
-1.005109
0.048170
-1.032804
-0.791391
-0.031329
-0.584980
-1.673118
0.112582
0.139305
0.235763
0.802354
0.296226
1.167537
-1.156003
0.728418
1.871649
-0.465884
0.022332
0.912594
-0.598423
-0.628331
0.686410
-0.255193
1.413027
-0.891683
-0.760167
0.062633
-0.165277
0.342500
-1.461740
-0.040813
-0.082748
1.314330
-0.424355
0.238750
0.573197
-2.132762
0.763009
1.091379
-0.590544
2.708984
-0.787093
-0.766567
1.045194
-0.889599
0.952660
1.445196
0.117141
-1.210310
-0.371109
0.261405
1.586263
-0.007447
-0.097955
-0.236623
2.074979
-0.016481
0.302773
2.792650
-0.668150
-0.208880
1.000362
-1.378491
1.847058
-0.413634
-0.634966
-2.464494
0.496015
1.806141
-0.031294
0.255881
0.297796
-0.444975
-0.993165
1.918740
-1.516376
-0.469298
0.562604
-0.751645
0.355700
1.705618
1.040559
1.563890
-0.030545
1.775830
-0.670635
0.725830
-0.575165
-0.455885
-0.151888
-1.134775
-1.250392
1.044024
-2.929496
1.711234
-0.203533
0.132702
0.988096
-0.899567
0.621496
0.903976
-1.548594
-0.361347
-0.032176
-0.018058
0.227069
0.650988
1.482788
0.914966
-1.345711
2.473548
0.597751
0.037773
0.087965
-1.211933
0.917390
-1.229512
0.252332
1.401150
-0.568289
0.664577
0.378487
0.059648
-0.663095
-0.179621
0.012051
1.484483
1.556461
-0.102975
0.746844
0.466542
0.963801
-0.221377
-1.442159
0.004290
0.676745
-1.351258
0.791119
-1.204392
1.086877
1.306452
-1.099886
0.874544
1.028917
-0.557490
0.297919
-0.105682
-0.039528
1.478281
-0.579522
-0.171166
-0.746595
1.169833
-1.666997
-0.755755
-0.528646
0.826830
0.724275
-0.131139
1.060836
-0.426664
-0.223226
1.795732
-1.303231
-0.706896
-0.031588
-1.337835
0.056230
-0.353151
-0.192483
0.617643
1.250060
-0.845704
0.080666
-2.193531
0.399166
1.225931
-0.128571
1.247176
0.224915
0.690904
0.218993
0.587917
-1.056520
0.890307
0.140200
1.240712
-0.454113
0.381489
-0.246385
-1.003466
0.148267
-0.395553
1.113640
0.124532
0.733708
-1.460023
1.172791
-1.408113
-0.132194
0.464042
0.476847
-0.564264
0.030034
-1.530819
0.801470
-1.121374
0.293504
2.371226
-1.201717
0.176806
-0.707859
0.377359
0.437308
-0.414906
-0.423185
0.570929
-0.552506
0.858411
0.471203
1.124053
2.475531
-0.339957
0.847611
1.364940
-0.833952
1.799642
0.527363
-0.466532
-0.840448
0.551221
1.297121
-0.574383
-1.121491
0.442881
1.022217
0.261843
-1.509067
0.144372
1.522158
-0.913444
-0.448717
0.904111
1.111269
-0.745005
0.122565
-0.147118
-0.522934
0.054276
-0.636697
-1.774588
0.068289
-1.461225
0.049496
-0.317383
0.513612
-1.750985
1.090749
-0.637005
1.187629
-0.554382
0.873582
-1.397090
0.805162
-0.751193
-1.543874
0.798546
-0.512212
-0.736015
0.192254
1.288122
0.577542
0.306541
0.714795
-0.697782
-0.319106
0.932382
0.132826
-0.074295
-0.910058
-0.497190
0.823869
1.205638
1.265151
-0.951547
1.660253
0.376302
0.660079
0.571630
0.341917
0.657189
1.192293
-0.809335
0.935786
1.118503
-0.794244
1.106298
1.118123
1.632837
-0.157229
-0.807259
0.164409
-0.584915
0.063477
1.339471
0.698243
-1.059756
-0.239823
-0.864509
1.174855
-0.292230
0.063565
2.350345
0.783261
-0.715272
-0.061285
-0.306883
0.022017
0.259466
1.801649
1.065282
-0.644312
0.702871
-0.632129
1.203470
0.953719
0.450605
-0.574106
-0.384870
1.262727
-1.103452
-0.916211
0.759455
-1.581316
-0.124640
-0.226746
-0.126989
1.070928
-0.152559
-1.564965
0.022560
0.167346
1.096221
-1.109032
-0.645316
-1.152916
0.393557
-0.673601
-0.396109
0.254854
-1.887634
-0.211411
-0.315358
-0.425431
-0.109418
-1.131069
-0.392189
-0.812991
-0.627861
0.345803
-0.524547
-1.494719
0.960896
-2.069357
-0.593321
-0.456257
-0.087975
-0.788342
-0.947549
0.874950
1.469214
-1.125795
0.099500
0.246400
-1.069050
-1.224446
-0.467289
1.101062
-1.389906
0.223116
-1.952201
0.155266
-0.492380
-1.600653
1.903448
-1.288983
0.633881
-0.972078
-0.995566
-0.890218
-0.547036
-0.187899
-0.892749
-0.831053
0.169689
0.346000
0.283213
-0.472849
0.459374
-1.344579
0.835435
-0.621412
-0.690679
0.025957
0.535405
0.120807
0.697316
0.440515
0.871383
0.322749
1.366618
-0.009004
0.989150
0.783068
-0.824388
-0.245518
0.165561
-1.396823
1.313114
-1.042765
0.994120
-0.437040
-0.955498
-0.123565
0.506670
-0.051735
1.075936
0.170516
-0.461516
-0.671855
-0.824548
1.739529
-0.249952
0.394013
1.009707
0.407832
-0.277335
0.378080
-0.143510
-1.302308
0.288100
1.014132
-0.367623
1.753250
-0.087071
1.762373
-0.537898
-0.145991
-1.117296
-1.262937
-1.023903
1.074286
-1.717207
0.836648
1.177834
0.304017
-1.722216
0.926325
0.785000
0.479970
-0.196836
0.173863
-0.536636
0.127092
-0.529810
0.554361
0.545469
-0.006099
0.275426
1.860529
1.025289
-1.907578
-0.300933
0.203334
-0.560548
-0.066584
0.344070
-1.643160
0.693656
-0.706766
0.192849
-0.277287
-1.994520
0.376380
0.900704
-0.249029
-0.969608
-1.263613
-0.209693
0.538677
-0.120805
-0.129373
0.726202
-1.248957
-0.028567
-0.745524
-0.447536
0.224894
0.005045
-1.393198
1.102414
1.477357
1.987081
0.192777
-0.953662
-0.504920
0.310022
0.300226
0.336674
0.180767
-0.715264
0.306028
1.011457
0.548973
-0.737105
2.141588
0.645782
-0.803472
1.606543
0.635286
0.916863
1.901961
1.514217
0.441803
-0.433859
-0.161649
-0.281699
0.588227
-0.343414
0.781217
-1.314322
0.135511
-0.934336
1.323752
0.217928
0.198491
-2.521618
1.810894
-0.331625
1.541398
-0.003840
1.771016
-0.166517
-1.738972
0.137448
-1.686400
0.208584
-1.011845
-1.058860
-1.977722
0.212879
-0.742594
0.658368
1.743831
-0.128225
-1.692957
1.288917
1.612178
-0.058862
0.349845
-0.417092
1.627384
0.118638
-0.242711
-0.258666
0.870212
0.872662
0.268547
1.071822
0.989068
1.417057
0.124368
1.248890
0.204739
0.331997
0.331427
1.840164
-0.072043
-0.554542
1.925790
1.069430
-1.009765
0.217446
-0.891334
0.501633
1.366348
0.557642
-0.093804
-0.309541
-0.874644
0.278009
-0.182003
-0.190756
-1.210446
1.703349
-0.012371
-0.265320
0.521817
-1.739034
0.615102
1.271253
0.240899
-0.689209
-0.909133
0.309985
2.606731
-0.255284
0.073066
1.876269
0.825362
-0.505027
0.500151
-0.028710
-0.691762
-1.595005
-0.014442
2.963264
-3.358959
-0.150202
0.973032
-0.709549
-0.263275
1.226631
1.465259
-0.566587
0.380572
-0.523807
-0.334201
-0.959054
1.058549
0.090039
-0.623042
0.200594
-0.390212
-0.355548
2.194977
-0.064511
0.227038
-0.982004
-0.181062
-0.315932
-0.714785
0.324003
-0.098612
0.811862
0.621662
-0.748058
-0.130302
1.614733
0.134748
1.065102
0.567015
0.004627
0.952339
-0.878608
-0.415291
0.031020
1.445390
-1.316478
-0.580811
0.312808
1.397343
0.814473
-1.499921
0.642674
0.318385
1.062207
-0.644198
1.312788
-0.427444
-0.348303
-1.263331
0.205356
0.210534
-0.103750
-1.449296
0.736220
1.057341
-0.841273
1.139562
0.244458
0.104045
-1.174748
-0.537680
-0.303212
1.965252
-1.993301
-0.870468
-0.493791
2.198010
1.046025
-1.360486
-1.227202
-0.157042
0.727596
-0.706614
0.673386
0.136233
-0.388518
0.391896
1.093540
0.703129
-2.004541
-0.236841
1.765371
-0.565756
0.223235
0.326943
0.102503
-1.305604
-0.218633
0.452445
-1.032258
0.571415
3.117302
1.135033
-0.296884
-0.037971
-1.314166
0.047317
-0.952131
1.474422
-0.506570
1.741714
1.154876
-0.917914
0.964544
0.084900
-0.198706
-0.624673
0.285568
0.883829
1.422611
0.884304
-1.848569
-0.903251
0.630782
-0.648409
-1.113908
0.683213
2.025827
-2.490356
0.261696
-2.106954
-0.885572
1.350702
-0.777005
-0.412193
0.635365
0.263414
-1.432747
-0.234587
0.352178
-0.842192
0.835205
0.042742
1.092261
-1.259621
-0.308406
-0.036759
1.962526
1.129439
-1.464935
0.306476
0.505757
1.479464
0.402852
0.710715
0.711290
-0.135489
-1.193115
-0.479334
0.733747
1.070677
0.692008
-0.198617
-0.812053
-1.361114
-0.297698
-0.609757
-0.262805
0.543103
-0.752168
0.356274
0.821953
1.055829
-1.191839
-0.273114
0.671616
1.028993
-1.899552
-0.551173
0.456363
0.033999
0.488135
-0.359131
1.392044
-0.714306
-0.589046
0.545915
1.959652
-0.605602
-0.006093
0.786326
0.989294
-0.736100
0.301592
-0.757903
-0.030198
-0.497310
-2.377493
-0.434441
-0.820304
-0.804721
1.002416
-1.101907
-0.668120
1.405408
0.425954
0.051613
0.134987
-1.856048
0.018858
1.269570
0.164551
-0.786222
0.010487
0.457273
-1.325134
-1.304797
-1.070443
1.417814
-2.388826
0.504801
0.767984
-1.394232
0.497176
-1.312257
0.979426
2.071127
-0.165134
-2.085941
-1.461002
-0.375161
2.174575
0.202128
0.328934
0.507658
-1.269147
-0.759021
-1.350294
0.042337
0.876630
0.780905
1.561814
-0.379619
-0.416284
0.875135
1.690741
1.174523
-0.595844
0.098855
-0.428936
-1.335881
0.119057
-0.211904
0.432523
-0.917403
0.801907
0.322647
1.308307
0.511661
1.569825
0.303986
0.665299
1.476938
-0.244013
0.301254
-1.221275
1.328424
-0.879039
0.861956
0.526423
2.321010
-1.042800
-0.908195
1.215211
0.460976
-1.753577
-0.465723
0.244629
-0.787766
-1.390271
0.699516
0.909931
-0.165475
0.367841
0.992031
2.984021
-0.995283
0.702704
-0.058367
-0.796167
-1.199986
-0.381567
-0.670586
0.795892
1.194937
-0.201156
0.827375
-0.344904
-1.563336
0.205710
-0.999645
-0.490399
1.242651
3.010882
-0.291808
0.612276
1.923342
-0.666636
-0.884354
0.494393
0.716029
-1.463720
0.643223
-0.432850
-1.694589
0.678298
-1.441687
-0.592147
-0.230516
-2.323397
-0.731273
-0.398934
0.470453
-1.389141
0.281129
1.380152
1.192080
-0.275803
0.033423
-0.600259
-0.386127
-0.727274
-0.638655
1.663719
-0.947597
-1.384697
0.835844
-0.693269
0.323188
0.020487
1.229996
-1.235204
0.186592
-0.448965
2.155935
0.592175
-0.555014
-0.606380
0.663890
0.442198
1.685457
0.692541
0.053257
-0.779665
-0.995382
0.284632
0.268119
-0.491086
0.069881
-1.394869
-0.663535
-0.320473
0.151266
0.069424
1.539358
-0.431957
0.448570
-0.644345
-0.082494
-0.931951
-1.941615
0.277413
-0.651459
-0.733247
-0.027319
0.026726
-0.203950
0.076736
-1.209284
-0.919379
0.918143
-0.800962
-1.290674
0.499163
0.943307
0.348575
0.913494
0.357279
-0.788714
-0.426399
-2.542304
-1.318786
0.472299
0.263756
-0.959312
-0.000312
0.103024
1.017304
-0.097141
0.035225
-0.151671
0.309384
-0.377729
-1.570044
-1.755610
-0.742131
-0.071068
-0.239951
-0.188566
-2.127217
0.526852
1.038001
-1.043674
1.059231
0.472823
-0.276361
0.991980
0.322747
0.478854
-0.536420
-0.268703
1.150330
0.943626
0.142262
0.020486
-0.800883
-1.498293
0.675582
-0.559327
-2.009919
0.642000
-1.436644
1.193879
0.351904
-0.051178
0.901257
0.628750
0.202726
0.130080
1.866173
0.028041
-0.880808
-0.961668
-0.087372
-1.874496
0.927420
0.236583
-0.780571
-0.635610
0.584758
0.111642
-1.051949
-1.353537
-0.043681
0.573089
0.723986
1.715361
-0.489980
-1.278657
-0.340150
-0.000251
-0.142648
1.095589
0.300793
0.273277
-0.039292
-1.477973
0.835330
-0.092179
-0.905004
-1.222114
-1.953852
-0.688728
-1.766534
0.793474
-0.352539
-1.594128
0.636775
-0.241539
-0.435002
-0.117038
-0.011284
0.273230
0.472246
2.134114
1.280863
-0.764611
0.202805
2.062900
-0.888172
-0.069364
-0.769761
1.068056
-1.672317
-0.967912
1.600065
-1.293741
0.166989
0.057558
-0.950116
0.323634
-0.663314
-0.216384
0.013164
-1.666747
0.168676
1.393753
1.845584
-0.584571
0.179564
0.764922
0.157643
-0.154583
-0.944751
-0.812713
3.350627
0.242862
0.832666
0.179709
-2.267594
-1.937912
1.565659
-1.390243
-0.353482
-1.620358
-0.956015
-1.166391
0.963959
-0.849847
0.018132
0.130415
-1.938892
0.644793
0.110153
0.927343
0.328025
-1.029968
-0.760847
-0.069484
-0.520281
-0.866487
0.714324
-1.257045
0.818473
0.068383
-0.182713
-0.512210
-0.803210
-1.281557
1.410545
-1.606954
0.306972
0.641022
-0.345952
0.210275
-0.997736
0.581736
0.316255
1.012507
-0.354102
-0.449374
-0.295340
1.211170
-0.202224
1.429365
-0.698901
-0.932139
1.677032
0.668840
-1.000270
1.353697
0.406302
-0.444348
-0.560994
1.356523
0.648706
-0.206443
-0.922351
-0.919048
0.684529
0.653491
0.769548
0.474343
-0.128288
-1.550781
1.266735
-0.233997
0.507294
0.157768
-0.272101
-0.291743
0.021240
-0.521502
-1.538636
-0.530605
1.194264
0.231579
-0.204607
0.899607
1.301850
-0.650605
0.634687
-0.477882
0.459714
0.336223
-0.686633
1.801066
0.388643
0.481659
1.359491
-0.491544
-1.975085
-0.455020
-0.446524
0.422204
-0.377354
-0.395968
1.115155
-0.685646
-0.309137
-0.452680
-1.933869
-1.218288
-0.186710
-0.080318
-1.076682
-0.592918
-1.220762
0.187349
0.096571
0.651680
1.376642
0.839407
0.856075
-0.250535
0.273191
-0.751738
-0.431563
-0.225137
-1.741433
-0.050252
-0.737979
0.777838
-1.039106
1.484236
-1.124754
0.309700
-1.906265
0.258801
0.613293
1.249837
-0.004939
0.821499
0.980257
0.785804
1.835749
-0.762154
0.547398
0.580971
-2.520942
-0.095422
-0.221393
1.274914
1.562923
0.005240
-0.503022
-0.712206
1.306400
-0.973660
-0.057860
-0.223071
0.016236
-0.059356
0.202368
0.552389
-0.962915
-0.319994
1.804889
-1.555923
-0.326985
-0.211279
-0.453766
-0.786376
1.133337
1.007647
-1.192564
-0.277183
0.700307
0.805150
-0.332717
-0.236291
0.214025
-1.454477
-1.077552
0.481490
1.445750
-0.178497
0.889939
-0.132404
1.537048
0.360006
0.852490
0.393212
0.617930
-2.993985
-0.399547
1.909206
-0.855397
-0.647004
0.906960
1.450448
0.048288
0.390206
-1.062611
0.515389
0.106438
2.643076
0.251197
-0.334763
-0.213633
-2.140116
-0.131279
0.580334
-0.516001
1.740131
0.639312
-0.901698
-1.491693
0.363259
0.986886
0.685258
0.124902
1.032318
-0.009578
-0.030128
-0.878307
-0.015753
-0.788851
1.656309
0.979328
0.576813
-1.448752
-1.019544
-1.113643
0.355646
-1.489092
1.126016
-0.838284
0.806811
0.506108
-0.014575
0.896858
0.366490
-0.166881
0.064047
0.559828
0.961536
1.722954
0.476322
1.330977
0.346619
0.666840
0.116788
0.848654
0.553185
0.133985
0.135423
0.648552
1.409591
-0.957394
0.617131
0.699813
-0.588271
0.612656
-0.794069
-0.753269
-1.077175
0.784774
-0.503578
0.599169
