9
-8
8
-8
10
-9
10
-6
2
-1
3
-2
0
0
-1
2
0
-1
0
0
-2
2
0
4
-1
6
-2
3
0
1
-1
1
1
3
-1
0
-1
4
0
3
-2
5
-9
10
-10
8
-8
5
-6
4
-6
6
-4
5
-6
7
-2
0
1
0
1
0
6
-10
12
-9
8
-3
5
-6
10
-7
6
-5
7
-2
0
5
-5
1
0
1
-4
5
-9
10
-9
7
-6
12
-10
11
-10
8
-5
6
-2
2
-1
6
-3
4
-1
2
-1
1
0
0
2
-4
3
-2
6
-2
0
-1
0
0
-2
3
-1
4
-2
5
-3
3
-3
9
-6
7
-8
9
-7
4
0
4
0
0
2
0
0
1
0
4
0
0
1
-5
2
0
0
0
0
2
-5
1
0
2
-3
2
-3
5
-8
6
-4
9
-8
9
-5
3
-1
5
-4
5
-3
4
-7
6
-5
3
0
-1
4
-4
3
-6
11
-8
11
-11
13
-16
15
-13
18
-12
14
-13
18
-14
11
-8
7
-6
4
0
-3
5
-6
7
-8
14
-11
12
-15
15
-14
16
-16
19
-15
13
-7
9
-5
7
-1
1
1
1
0
-4
6
-6
9
-11
11
-10
13
-17
18
-15
13
-12
14
-17
14
-10
9
-8
11
-9
11
-8
11
-7
8
-4
3
-1
2
0
2
-3
2
1
-1
-2
0
1
0
0
-4
6
-9
6
-5
4
-3
6
-5
4
-5
7
-7
5
-2
4
1
-3
2
-1
3
-1
6
-1
6
-5
5
-6
7
-4
8
-8
9
-4
6
-6
3
0
4
0
2
-3
3
-5
6
-6
5
-5
6
-6
6
-4
8
-12
10
-5
8
-10
8
-11
10
-10
10
-9
11
-9
10
-5
4
-5
7
-3
4
-2
8
-9
9
-8
11
-10
15
-14
16
-14
12
-10
14
-17
18
-16
18
-17
14
-9
5
-2
5
-3
3
-2
3
-4
6
-3
3
-5
4
0
1
1
0
0
6
-8
12
-12
9
-9
7
-1
0
2
-3
2
0
6
-1
4
-1
2
-6
8
-11
15
-16
19
-14
15
-13
11
-8
11
-10
14
-15
15
-15
11
-11
10
-4
6
-2
0
0
-4
5
0
2
-3
0
0
-2
0
5
-3
3
2
0
2
-4
2
-1
1
4
1
0
0
-2
3
-2
1
4
-4
1
-1
0
-1
1
0
0
5
-7
10
-14
11
-12
12
-10
16
-14
14
-14
15
-14
11
-6
10
-7
8
-7
6
-2
3
1
1
1
-3
8
-8
8
-2
2
-1
6
-1
-1
0
-3
1
0
0
1
1
-4
3
-4
6
-7
7
-1
0
1
-1
1
-2
4
-5
8
-8
12
-8
6
-5
11
-10
10
-7
9
-9
9
-11
13
-7
7
-5
10
-8
8
-6
4
-6
11
-9
8
-7
11
-12
9
-9
6
-2
3
-3
2
0
0
1
-2
4
0
1
-3
2
0
3
-7
10
-7
7
-5
7
-10
10
-5
4
-6
4
-2
4
-3
6
-2
2
-4
7
-2
3
-1
6
-6
4
0
0
1
0
1
3
-2
0
0
1
-1
0
1
-2
0
-2
4
-4
10
-7
4
-3
0
1
0
0
1
2
0
2
-5
11
-10
8
-5
11
-12
15
-16
14
-13
14
-12
11
-9
11
-9
11
-10
11
-9
6
-4
10
-8
7
-4
5
-7
13
-10
13
-10
12
-9
11
-8
4
-3
4
0
3
-2
-1
3
-5
7
-11
15
-18
21
-23
22
-22
21
-22
22
-21
22
-21
19
-20
21
-19
20
-19
17
-15
14
-14
11
-8
7
-2
5
-6
7
-3
5
-8
8
-8
11
-7
7
-5
4
-2
5
0
4
-3
9
-13
14
-10
7
-8
8
-8
9
-3
0
-3
3
0
5
-3
2
-5
3
0
0
2
-4
5
-4
7
-9
15
-11
12
-8
10
-7
5
-6
9
-5
8
-6
6
-7
12
-10
8
-7
7
-3
0
0
1
-2
7
-10
14
-14
12
-15
15
-11
10
-9
8
-8
12
-6
10
-12
17
-12
12
-8
5
-2
1
-1
5
0
1
-4
3
0
3
0
1
-2
0
2
-2
3
-4
0
2
0
-1
2
-5
4
-2
5
0
-1
-1
0
1
-3
3
0
0
-1
5
-2
1
-3
6
-2
2
0
0
0
1
3
-1
4
-6
7
-4
5
-6
7
-10
9
-6
9
-10
11
-10
10
-5
6
-7
8
-4
2
-1
2
0
0
5
-6
8
-5
7
-7
8
-8
10
-12
12
-12
11
-10
7
-2
1
0
1
-4
1
3
0
2
-5
8
-4
4
-4
5
-7
12
-9
11
-11
12
-10
14
-13
17
-17
15
-14
14
-13
13
-10
12
-6
8
-4
0
1
-4
10
-9
12
-10
7
-4
8
-4
3
-4
9
-10
9
-9
10
-5
6
0
-1
3
-7
9
-6
7
-6
4
-4
3
0
3
-6
11
-13
14
-15
16
-16
13
-12
16
-11
12
-15
12
-8
11
-12
12
-16
18
-12
12
-11
14
-11
10
-8
13
-12
9
-9
7
-3
6
-3
5
-2
2
2
-5
1
-1
3
-6
6
-4
5
-9
13
-12
12
-11
11
-9
5
-5
4
0
-1
3
0
-1
2
1
0
0
1
1
0
2
-2
3
-1
1
2
-4
7
