39
34
40
36
42
38
44
39
41
40
43
42
46
45
45
47
44
43
42
39
37
41
41
41
40
39
38
40
42
43
43
43
43
46
46
46
44
45
43
47
48
50
43
51
46
50
47
48
43
44
41
42
35
37
35
38
38
41
42
41
40
38
42
37
41
38
43
39
41
40
41
37
44
39
42
39
39
41
39
40
41
42
40
42
40
41
32
39
35
42
40
47
37
41
35
38
35
36
32
35
32
34
34
36
33
34
38
35
38
34
36
36
42
42
45
46
47
45
45
44
39
43
37
36
35
38
35
39
32
35
30
33
28
29
27
28
27
29
32
31
33
35
36
37
38
41
40
39
44
45
42
42
43
47
45
46
46
44
42
44
43
42
40
44
37
41
36
40
36
37
38
41
37
38
35
36
34
36
33
36
33
33
35
35
40
36
43
41
46
39
46
36
43
35
41
35
43
37
45
36
46
41
44
41
44
42
40
40
37
44
40
46
42
48
44
51
42
50
42
50
41
50
46
49
43
49
46
49
46
43
41
41
45
41
44
39
47
40
49
42
50
38
46
38
46
35
41
31
38
35
38
35
37
31
39
32
35
34
36
37
39
41
41
41
42
45
46
47
47
46
47
43
43
47
40
46
42
44
43
42
39
39
35
36
34
35
36
40
40
41
45
44
48
49
54
50
53
51
52
48
53
52
53
48
53
51
53
46
49
45
42
44
42
38
38
36
37
31
35
35
35
32
36
34
33
25
28
28
32
29
37
30
34
30
34
27
35
29
34
30
34
33
36
32
37
39
41
36
40
36
42
37
42
36
46
40
46
44
47
40
50
41
49
40
45
36
40
39
42
39
37
36
39
35
35
30
30
27
30
26
23
22
20
23
27
24
32
22
24
19
27
27
28
29
29
31
30
30
31
34
35
35
34
36
33
42
34
45
38
44
37
41
36
42
37
44
37
47
40
45
38
46
44
46
42
43
40
40
41
41
38
38
36
38
37
39
41
36
36
36
37
38
33
38
35
35
37
37
37
36
36
37
37
37
39
37
37
38
38
37
38
35
34
32
31
34
28
33
28
34
31
37
27
35
26
33
24
29
24
31
25
31
31
36
35
37
38
38
40
41
42
38
43
40
45
44
48
48
49
48
44
46
45
43
40
40
38
40
36
36
32
35
33
33
30
27
27
25
28
28
33
30
35
30
35
33
35
28
35
34
40
35
41
34
43
37
43
40
44
40
47
41
42
41
44
40
46
44
50
43
49
44
48
46
44
44
44
41
39
36
31
31
31
31
31
32
32
30
28
32
25
28
25
27
25
31
26
31
31
37
36
40
41
45
42
43
40
43
39
39
38
42
41
46
43
42
44
44
45
43
40
39
38
40
37
39
37
39
40
39
41
39
40
34
38
35
38
37
34
36
37
38
37
35
36
38
34
38
36
41
38
42
36
44
40
47
40
44
41
44
39
44
36
44
35
42
40
43
37
38
36
38
35
40
31
37
31
36
30
38
34
37
37
40
41
40
39
41
43
42
43
39
46
36
48
35
46
37
49
37
45
34
45
34
42
33
44
34
41
31
40
35
44
37
45
42
47
42
41
36
43
41
41
36
41
36
40
33
37
36
40
37
37
35
32
29
33
29
36
31
36
33
38
33
40
37
37
35
37
33
33
32
34
34
36
37
34
33
34
38
33
36
31
39
31
35
32
39
33
37
35
36
32
32
30
33
31
39
30
34
30
35
35
33
33
37
33
37
34
40
32
38
33
44
39
43
39
42
39
45
38
41
35
44
38
43
39
39
37
40
40
44
39
40
37
39
38
41
38
40
40
42
41
39
39
37
37
41
42
41
41
38
43
40
39
38
34
34
38
37
35
36
34
36
35
38
35
33
31
33
33
37
34
35
36
37
40
39
38
38
43
40
42
36
40
35
42
41
45
38
41
33
39
36
39
38
42
35
35
35
38
35
33
35
31
36
34
37
32
36
32
37
32
35
29
32
25
32
32
31
31
34
36
39
39
36
37
32
38
34
36
35
35
34
39
34
39
31
36
30
35
30
36
26
36
27
30
25
31
27
34
28
35
31
33
34
35
38
33
36
31
33
30
33
31
36
37
40
34
41
36
43
35
37
37
36
33
31
38
37
39
36
37
35
35
33
34
31
33
24
31
23
32
23
27
23
32
25
27
21
30
23
30
23
28
19
26
20
29
27
32
27
31
28
34
28
34
30
36
31
32
32
32
33
35
35
32
34
34
31
29
33
31
32
28
34
26
36
30
35
29
30
30
31
32
33
36
35
34
38
39
35
37
38
40
38
39
38
41
42
45
47
46
49
