29
20
29
21
31
22
33
24
28
26
30
27
31
30
29
32
29
28
28
26
24
28
27
29
26
28
24
28
28
29
28
29
29
32
30
31
29
31
28
32
31
35
25
37
27
36
28
34
26
31
25
30
22
26
21
28
24
27
28
27
27
25
30
21
31
22
31
25
29
24
31
22
31
24
30
25
26
29
24
27
27
28
25
30
23
31
18
28
21
32
23
35
21
30
21
27
22
25
21
25
20
24
22
25
21
23
25
23
26
21
25
23
30
27
30
30
31
30
29
30
25
30
24
26
22
26
22
29
19
26
17
25
16
21
18
20
18
19
22
20
22
24
24
26
25
27
27
24
30
30
28
28
28
32
28
31
30
30
27
30
27
30
24
31
23
30
21
30
22
26
25
29
23
27
22
25
20
26
20
25
22
21
25
22
28
22
32
24
34
22
35
18
34
19
33
19
33
20
36
19
34
24
32
25
31
28
25
28
22
32
24
35
24
36
24
39
23
39
22
40
22
38
28
36
27
35
30
33
31
29
27
26
32
25
32
22
35
23
37
22
39
20
35
21
35
17
32
17
28
20
29
20
28
18
30
19
26
21
25
24
27
27
28
26
29
30
30
30
31
31
31
29
27
33
23
33
26
31
27
30
24
27
21
26
20
25
23
28
27
26
31
29
33
32
38
33
37
32
36
30
38
33
38
29
38
32
37
28
34
30
29
29
29
24
26
22
27
18
25
21
25
19
26
21
25
12
22
17
24
16
27
16
26
16
26
15
27
16
26
18
24
20
26
20
26
25
30
21
30
21
32
21
33
19
36
22
35
26
36
21
39
22
39
21
35
21
28
25
30
25
26
23
27
22
25
19
21
16
21
17
16
15
13
15
20
13
25
10
19
9
20
17
18
20
18
21
20
22
20
24
23
24
20
27
18
33
17
36
20
34
20
31
21
32
21
34
19
36
21
34
21
34
28
33
27
28
27
25
29
27
26
24
24
25
24
26
29
23
25
25
25
26
20
26
23
24
26
25
25
24
23
26
24
25
27
23
25
25
25
24
26
23
22
23
18
26
14
26
14
27
17
30
13
28
12
27
11
23
14
24
14
23
18
26
22
26
26
26
27
26
31
22
31
26
31
29
34
31
32
32
28
31
30
28
27
27
24
28
22
26
19
26
21
22
20
17
18
16
20
17
25
17
27
17
25
20
27
15
27
20
30
20
30
19
33
22
31
25
33
24
34
25
29
25
33
23
33
27
37
24
36
26
34
30
30
28
30
27
26
24
20
22
20
21
19
22
21
21
16
25
14
21
15
20
13
24
15
22
18
26
23
28
26
32
27
29
25
31
25
27
25
30
25
32
29
28
30
29
30
30
26
26
25
27
24
26
25
25
26
25
29
24
30
20
27
22
25
25
22
24
25
26
25
24
22
29
19
28
22
31
21
33
18
34
22
36
22
33
24
33
23
33
20
33
20
30
25
32
22
28
22
27
21
31
17
29
17
28
17
29
20
26
23
28
27
28
25
27
30
26
31
22
36
18
39
15
38
17
40
17
37
15
37
15
34
15
36
16
34
14
32
18
34
20
34
25
34
27
29
22
31
26
29
21
30
21
30
19
27
22
28
24
26
23
23
18
25
15
29
17
26
19
28
19
30
23
25
22
26
22
24
20
23
21
25
24
22
23
21
27
20
26
17
31
17
27
18
29
19
26
21
27
19
24
18
24
18
30
16
25
17
26
22
22
22
25
21
27
19
31
16
29
17
34
22
32
23
31
23
34
23
31
19
35
21
33
23
28
24
27
26
31
26
27
23
27
25
28
25
27
26
28
28
25
27
23
25
28
28
27
28
23
30
26
28
25
22
22
25
25
22
25
22
24
23
27
22
22
19
24
21
25
22
23
24
25
28
25
27
23
31
25
30
22
29
20
31
25
33
22
31
18
29
22
28
23
31
22
24
23
26
23
22
25
18
27
21
27
19
27
18
28
17
27
15
25
13
24
20
21
20
23
22
26
27
24
25
19
28
21
25
22
25
20
30
19
30
17
28
16
28
15
30
11
29
13
25
12
25
14
27
16
26
19
22
23
22
29
19
28
17
24
18
25
19
25
23
30
19
30
21
32
21
27
24
23
23
18
28
22
28
22
26
22
24
22
24
18
26
11
25
10
27
10
22
11
27
13
22
9
24
12
24
11
23
7
23
9
23
14
26
14
24
16
27
14
26
17
26
19
23
20
23
21
24
24
19
23
22
22
17
24
19
23
15
27
13
28
16
27
16
22
18
22
21
21
25
23
22
26
26
23
24
26
27
25
27
24
28
27
30
32
29
35
