48
48
50
50
52
54
55
54
53
53
56
56
61
60
60
61
58
58
56
51
50
54
54
53
54
50
51
52
56
57
58
57
57
60
62
61
59
58
57
61
64
64
60
64
64
64
65
62
59
57
57
53
48
47
49
48
51
54
55
55
53
50
53
52
50
54
54
53
53
55
51
51
56
53
53
53
52
53
54
53
55
55
55
54
56
51
46
49
49
51
56
58
53
52
48
48
47
47
43
44
44
43
45
47
44
45
50
47
50
47
47
49
54
56
60
61
62
59
60
57
52
55
50
46
48
49
47
49
44
44
42
41
39
37
35
36
36
39
41
41
44
46
48
48
51
54
53
53
58
59
56
56
57
61
61
61
61
58
57
57
58
54
56
56
51
51
51
50
49
48
51
53
50
48
48
46
47
46
45
47
43
44
45
48
52
50
53
57
57
55
57
53
52
51
48
50
52
54
54
53
57
57
56
57
57
56
54
51
51
56
56
56
60
60
63
63
61
61
61
60
59
62
63
62
59
62
62
65
61
57
54
56
57
57
55
56
58
57
60
61
60
56
56
55
56
52
49
44
47
49
47
49
45
44
48
45
44
47
46
49
51
54
54
56
55
59
61
63
62
60
62
57
58
60
56
59
58
57
58
54
53
50
48
45
48
45
48
51
52
56
59
59
62
65
69
67
68
69
67
66
68
70
67
66
67
69
68
63
64
59
54
58
55
51
49
50
47
43
45
48
44
44
46
46
41
37
34
39
39
42
46
43
42
43
41
39
42
41
42
41
43
45
45
44
48
53
52
51
50
51
52
52
51
52
55
58
57
62
57
59
60
60
59
59
55
51
51
52
54
53
48
48
51
48
44
41
39
38
38
34
30
28
27
31
34
35
38
33
28
28
33
36
37
38
39
40
40
38
41
44
47
45
47
45
47
50
51
53
55
53
53
50
50
52
52
53
54
57
58
56
54
57
60
59
57
57
53
55
53
54
49
52
48
50
50
51
52
49
46
47
49
49
45
49
47
46
48
48
49
47
48
48
50
49
50
50
49
51
51
49
50
46
45
41
43
41
42
40
41
41
44
43
41
41
39
39
37
35
34
37
36
38
43
45
47
48
50
50
52
56
53
53
54
54
59
59
62
64
66
63
60
61
60
57
53
52
52
52
49
45
45
44
44
43
39
36
35
34
35
39
41
43
42
42
44
45
42
41
43
48
50
49
51
49
53
51
54
55
55
56
59
57
54
57
55
56
58
61
62
61
62
62
61
62
57
60
57
54
51
47
42
40
41
40
42
41
42
39
39
39
35
34
35
33
36
38
36
39
43
47
49
52
56
57
57
56
55
55
52
51
51
54
56
60
57
56
58
59
59
56
54
52
51
52
50
52
49
52
53
53
53
53
49
48
49
48
50
48
45
47
49
50
49
45
49
46
48
47
49
50
54
51
53
53
57
57
57
55
57
54
55
54
51
54
50
53
55
53
52
48
49
49
49
49
45
44
44
43
43
46
48
47
50
51
54
52
52
55
56
58
55
55
56
54
56
54
53
56
58
57
52
52
52
52
49
51
51
52
48
48
47
52
53
54
56
59
60
57
53
50
54
55
53
51
52
51
49
46
47
50
52
50
47
46
41
40
40
43
43
44
45
46
48
47
50
50
49
47
48
43
42
44
44
47
47
49
45
43
47
48
45
45
44
47
45
42
45
48
46
47
48
44
44
40
42
41
43
47
43
42
42
44
47
44
44
49
45
46
48
48
47
46
49
53
56
54
55
53
55
55
53
51
51
53
55
53
54
50
50
52
53
56
52
52
51
50
51
53
51
53
54
55
54
52
50
50
49
54
55
55
54
52
56
54
50
50
46
46
50
48
47
46
45
48
47
48
47
43
42
42
45
48
45
46
48
49
52
52
49
52
54
54
54
50
51
50
53
57
56
54
51
47
48
50
49
53
53
48
46
47
50
47
44
44
43
45
47
46
45
45
45
45
46
42
43
38
36
40
43
41
41
44
49
51
51
48
48
44
48
47
46
48
44
47
47
48
48
45
43
43
42
44
42
40
42
40
35
37
37
39
41
39
44
43
44
44
48
47
47
44
44
41
41
41
42
46
50
50
49
51
51
53
48
47
49
48
43
43
47
51
49
50
47
48
45
44
44
43
40
36
36
35
37
36
31
34
37
37
32
33
36
33
36
35
33
30
28
31
34
39
37
39
38
40
40
41
42
43
45
42
40
44
41
44
46
46
44
44
45
40
40
42
43
40
40
41
39
43
44
43
42
38
41
40
42
44
47
46
46
50
51
47
49
50
52
51
51
51
53
56
59
61
62
63
