19
5
18
6
20
6
21
8
15
12
16
12
15
15
13
17
14
13
13
13
10
15
13
16
12
17
10
15
13
15
13
15
15
17
14
15
13
17
13
17
14
20
7
23
8
22
9
19
9
17
9
18
8
15
7
17
10
13
14
13
14
12
18
5
21
6
19
10
17
8
20
7
18
9
18
11
12
17
9
14
13
14
10
17
6
20
4
17
7
22
6
23
5
19
7
16
9
13
9
15
8
14
10
13
9
12
12
11
14
8
14
10
18
12
14
14
15
15
13
16
11
17
10
15
9
14
9
19
6
16
4
17
4
12
9
12
8
9
12
9
10
12
11
15
12
13
14
9
16
15
13
13
13
17
11
16
14
16
11
16
11
17
7
18
9
19
6
19
8
14
11
17
9
16
9
14
6
16
7
14
11
9
14
8
15
7
21
7
22
5
24
0
24
2
25
3
23
3
27
2
22
7
19
9
17
13
10
16
7
19
7
24
6
24
4
27
4
27
2
29
3
25
10
22
10
21
14
17
16
15
13
10
19
9
20
5
23
6
25
2
28
2
24
4
24
0
23
3
18
5
20
5
19
4
20
5
17
8
14
11
14
13
15
11
15
15
14
13
15
16
15
14
11
19
6
19
10
17
11
18
9
15
7
16
6
15
10
16
14
11
16
13
18
15
22
15
21
13
20
11
22
14
23
10
23
13
21
10
18
15
16
14
15
10
14
8
16
5
15
7
15
6
16
8
16
0
16
5
16
2
17
2
18
2
18
2
19
3
18
6
14
7
16
8
15
11
19
5
19
6
21
5
24
2
26
3
23
7
25
1
28
2
28
1
24
5
16
11
17
10
14
10
15
8
15
7
12
5
12
8
8
8
6
7
13
2
18
-1
14
0
13
7
8
11
7
11
9
14
9
14
10
13
6
17
3
24
0
27
2
24
3
21
6
21
5
24
1
25
2
22
4
22
11
19
12
13
13
10
17
13
14
10
12
12
10
13
17
9
14
13
12
14
7
14
10
12
15
13
12
12
10
14
10
13
15
9
13
11
12
11
13
11
10
14
5
18
0
18
0
19
3
23
0
21
-1
21
-1
17
3
17
3
15
5
16
9
14
13
13
14
11
19
6
19
11
16
13
20
14
15
16
12
16
14
13
14
14
9
15
8
16
5
16
9
11
10
7
9
6
12
5
16
4
19
4
15
7
19
2
18
6
19
5
19
3
23
7
19
9
21
7
21
9
16
9
22
6
20
9
24
5
22
8
20
13
16
12
16
13
13
12
8
13
9
11
7
12
10
12
4
17
3
14
4
13
1
17
4
13
5
15
10
16
11
19
12
15
10
19
11
15
11
18
9
18
14
13
15
14
15
16
11
13
12
14
11
13
13
11
12
11
16
9
20
6
15
9
12
13
10
12
13
14
12
13
8
20
4
18
8
21
4
24
0
24
4
25
4
22
7
22
6
22
4
22
5
18
10
21
6
17
8
16
6
22
3
21
3
20
3
20
5
15
9
16
13
15
11
12
16
10
19
5
25
0
30
-4
30
-3
30
-2
29
-3
29
-3
26
-2
28
-1
27
-2
24
1
24
2
22
8
20
12
17
7
19
11
17
6
19
6
20
5
17
8
16
10
15
11
13
7
17
0
21
3
16
5
18
5
19
9
12
9
14
11
14
8
12
7
14
11
10
12
8
16
7
16
3
23
2
19
4
19
5
15
7
18
6
16
5
15
5
21
2
16
4
16
9
10
10
13
9
17
4
22
0
20
0
24
5
21
6
19
7
23
8
20
3
26
4
22
7
16
10
14
12
18
13
14
9
15
12
15
12
14
11
14
15
11
15
9
12
15
14
12
15
8
17
11
16
12
10
10
12
13
9
14
10
12
10
16
9
11
7
15
9
13
10
11
12
13
15
11
15
8
19
10
17
7
18
4
20
9
21
5
21
3
19
8
17
7
19
8
13
10
14
11
11
15
5
17
7
17
5
17
4
19
2
19
1
18
1
15
8
11
9
12
8
13
15
12
13
6
18
8
14
8
15
6
21
4
20
2
20
2
21
0
23
-3
22
-1
19
-1
19
1
19
4
17
7
11
12
8
19
4
20
3
15
6
16
7
14
9
19
4
19
5
21
7
16
11
10
13
5
18
7
17
7
15
8
13
10
13
5
18
-1
19
-3
21
-3
17
-1
21
0
17
-3
18
1
17
0
17
-5
20
-1
17
1
20
1
17
3
20
0
17
3
16
7
14
8
14
9
13
13
6
12
10
12
5
15
7
14
2
20
0
20
2
19
3
13
6
13
10
9
14
11
10
14
13
11
11
13
14
12
14
10
15
12
15
17
12
21
