-3
-7
6
-6
1
-7
-2
1
4
-2
8
2
2
8
3
-9
5
-4
-11
7
-2
-4
-19
17
-2
7
1
4
5
-2
-3
17
-5
-6
17
-13
0
3
0
-1
6
-4
-7
8
-4
-1
11
-4
20
-5
7
13
0
-6
9
0
-1
-1
-1
6
-1
4
-1
5
13
7
1
-11
-2
5
9
-5
7
-17
1
4
-16
-4
1
15
2
0
9
-10
-8
3
-1
8
-5
3
19
-9
8
7
-8
12
-1
-2
3
-8
-13
-8
8
10
14
-12
-2
0
-9
11
12
3
13
-12
11
-14
8
2
-2
-11
-14
-10
0
23
-14
-3
-11
-5
-12
2
-11
-10
-6
12
-6
-14
9
13
-8
-2
-3
-10
6
-4
4
5
-9
10
-6
3
15
1
-12
2
-1
5
-7
4
2
15
-14
0
10
-2
-11
2
-4
-10
4
0
-1
3
-2
8
12
-6
-1
-1
9
1
6
-8
-13
4
8
16
-4
-6
-5
-3
-2
-5
12
-2
0
-7
-9
10
-8
-10
7
-21
-1
7
-4
-16
-1
6
-2
-5
6
2
-16
-3
8
-5
7
9
13
-2
-5
-14
15
-3
-2
-11
6
6
-3
1
-1
4
-1
-3
8
-2
-19
-11
5
-12
14
-16
-20
-7
4
-1
-2
0
5
7
-12
4
-10
-14
0
-4
-3
-6
-6
-5
-6
-5
3
7
-13
-8
1
0
5
6
-6
9
-6
4
5
-2
-5
-1
-5
0
0
6
4
1
-3
3
-10
-8
6
9
-1
-2
-14
-8
4
-4
11
14
1
-8
-8
-8
-6
-16
13
-2
-8
-8
-6
1
-3
-3
6
-2
-2
12
3
-2
3
-5
-12
-4
-13
-9
-1
-11
0
-4
3
-1
-5
0
1
-9
-5
4
8
-2
-3
-4
2
10
-5
-9
-3
11
-17
-5
9
-12
0
-8
9
-1
-4
5
10
-8
-3
5
-4
10
4
10
-9
-10
-6
-10
-7
-3
-2
-2
5
3
-1
-4
10
-11
10
-6
14
8
8
-9
11
-8
1
-15
6
-7
2
-2
-7
7
3
6
-5
4
0
-9
2
9
4
-8
6
-13
-6
3
5
-5
-12
-14
-6
5
3
-6
5
3
3
-14
-5
-4
-8
0
1
2
3
4
-4
10
12
5
2
11
4
-1
2
-4
-12
4
-1
8
16
-1
4
-4
4
1
3
7
15
-6
10
5
7
-5
3
-17
7
3
3
-10
-2
3
2
-1
4
4
10
1
3
-3
4
13
-2
0
-12
-9
6
1
-1
-8
7
-7
0
-5
-6
3
7
4
-1
-1
6
-9
-5
-7
-4
-2
1
11
4
4
4
-5
-9
-2
1
1
13
-5
-4
-2
7
7
-10
6
-4
-13
0
6
13
-11
-17
-2
-4
-2
4
-3
13
3
0
3
11
-3
2
-2
1
3
7
10
-8
2
18
4
2
0
-8
7
-4
13
-2
5
6
2
5
-9
-3
-2
-3
12
5
-2
0
-4
12
2
-4
-6
1
-6
3
-6
1
-9
-1
5
-14
-13
-5
-6
-11
-4
-7
13
6
5
-6
1
2
-14
9
0
18
0
10
-3
-10
-5
-9
-14
-2
1
5
0
-1
8
6
-7
13
-3
-4
-4
-3
-10
21
-1
-1
3
-2
-6
-5
-5
-3
11
-4
-11
1
4
2
-3
2
-2
-1
-7
8
-2
-2
-15
7
-6
-5
4
4
-7
-4
2
4
12
9
-4
0
-3
6
-13
-1
3
5
3
-17
7
-4
-15
-2
-9
11
-8
-2
-5
4
-4
-8
-6
7
-3
-2
-4
-8
5
-13
-1
0
5
7
9
-4
9
5
11
-6
8
2
-6
-4
-5
5
-3
5
1
11
2
6
2
0
1
-7
-4
-4
4
-15
7
6
-7
-7
5
3
-1
-2
5
3
9
11
12
3
-10
-1
2
3
12
1
-3
-6
0
8
9
0
6
5
-4
7
7
4
-10
8
9
3
1
-6
2
-4
3
-11
10
-8
8
-8
5
2
3
6
-10
-5
-15
9
8
-3
-6
2
-8
-2
-1
7
-9
-4
14
5
1
-3
1
-7
22
-2
13
0
13
9
1
8
0
-2
1
-10
5
8
-12
-2
3
-3
-6
11
1
5
13
3
6
-5
6
-5
4
-2
16
-10
6
-8
6
-4
3
-10
-4
3
5
1
1
4
1
-9
-11
6
-10
-13
-4
5
2
-1
0
-9
-7
-3
-11
2
-2
15
-4
-7
3
5
9
3
11
10
6
1
-8
-3
8
-1
3
-8
15
-5
0
13
0
10
-2
-5
1
6
16
-7
-6
2
-2
-12
-15
18
-4
9
-12
4
-2
-10
-6
-5
-12
1
-5
3
1
0
0
-7
5
-3
5
-6
-18
19
11
-11
7
15
11
9
4
0
4
1
-2
0
2
2
3
-2
2
10
-4
16
-6
-1
0
8
9
-2
-5
-10
0
6
-6
-4
0
-7
5
2
4
6
-2
6
2
-10
-3
2
5
-3
3
7
-2
8
-10
-7
14
9
10
4
-6
-1
5
7
-7
-5
1
4
-4
9
5
-4
16
0
-13
0
3
7
1
-14
2
-2
-6
-4
4
-13
5
3
-11
7
-7
4
4
3
-5
-6
0
16
-2
-7
8
-4
7
-4
6
0
3
4
4
-7
-11
12
-7
-11
2
-13
15
2
-7
-21
9
-7
0
-9
-5
-14
13
4
-1
6
-12
