-9
1
7
-11
1
18
-3
7
9
-1
-4
12
-2
-19
3
-10
-7
-1
3
-9
-2
16
-4
8
7
0
0
4
-1
-13
3
-8
-5
-2
2
-9
0
9
0
7
7
0
1
9
-1
-6
4
-5
-6
-2
-1
-4
2
8
-1
3
5
3
3
7
2
-10
-1
-5
-6
-3
-4
-6
0
9
2
7
6
6
8
7
2
-13
-4
-9
-3
-4
-6
-6
-3
14
6
4
3
4
8
7
3
-14
-6
-2
2
-1
-9
-7
-1
14
4
2
-3
3
7
5
2
-14
-6
0
3
-1
-5
-2
-5
10
6
2
-2
1
0
5
4
-11
-4
-4
-1
2
1
-2
-2
11
6
9
1
1
1
0
7
-12
-8
-10
-3
-2
-5
2
-5
12
9
11
-2
2
8
-4
4
-9
-13
-11
1
3
-9
6
-2
11
13
15
3
-2
8
-3
0
-12
-11
-16
-3
-1
-7
4
4
15
12
16
2
1
3
-2
-6
-14
-9
-19
-1
0
-4
4
9
17
5
19
-3
4
1
-6
-8
-19
-5
-22
4
-4
-3
6
8
19
4
22
-3
4
0
-9
-7
-16
-5
-22
7
-4
3
9
10
17
6
23
-6
1
-6
-7
-12
-15
-4
-19
7
-2
9
7
9
12
2
23
-8
2
-6
-6
-6
-12
0
-23
8
-1
7
7
4
13
1
22
-5
-3
-3
-4
-3
-15
0
-20
7
5
6
5
5
17
-1
20
-8
-5
-6
-7
-2
-19
-1
-18
6
0
9
5
3
18
-1
13
-7
0
-6
-2
-4
-15
1
-14
6
0
10
5
5
17
-2
16
-2
-1
-12
-6
-5
-18
7
-17
5
0
13
4
4
13
-6
12
-5
-1
-12
-4
-3
-13
6
-12
1
4
10
0
-2
13
-7
16
3
-2
-11
2
5
-13
5
-12
-3
-1
13
-4
-8
10
-1
10
3
-1
-11
5
5
-8
-1
-9
-2
1
8
-10
-8
8
-3
6
-1
-3
-9
13
4
-7
3
-5
-2
4
10
-17
-9
3
-7
2
0
-5
-8
19
7
-3
7
-3
0
4
7
-19
-6
2
-3
3
-4
-2
-12
20
5
3
1
-4
-1
-2
13
-19
-3
-2
-2
1
0
3
-18
16
2
3
1
-5
2
-2
13
-19
-1
-1
-2
5
-3
5
-9
20
-2
4
5
-6
6
-1
6
-18
2
-3
-6
8
-3
-1
-10
18
-2
0
7
-9
4
4
8
-22
-2
-4
-8
4
-4
0
-7
26
1
1
4
-1
2
0
4
-28
0
3
-5
4
-5
-2
-8
27
-2
-2
5
-4
8
4
10
-25
5
0
-2
-1
-9
-8
-7
25
-3
-2
5
2
7
7
3
-24
1
3
-8
1
-3
-8
-3
22
2
-4
9
-4
3
5
5
-21
2
2
-7
7
-4
-3
-5
21
2
-5
8
-8
4
5
0
-19
0
6
-5
6
-2
-3
-4
18
3
-3
5
-9
-2
3
1
-17
1
5
-8
7
2
-4
4
17
0
-7
11
-4
3
8
-4
-18
0
4
-9
7
-6
-8
7
20
-1
-5
9
-2
6
7
-3
-20
0
0
-9
0
-6
-6
0
18
0
-1
5
2
5
6
-1
-17
-3
1
-4
-3
-4
-7
2
13
2
2
3
5
5
5
-4
-14
-2
-2
0
-5
-6
-8
2
10
5
3
4
6
8
8
1
-8
-3
-2
-5
-5
-8
-3
-2
6
7
3
3
6
8
3
3
-5
-10
-1
-6
-4
-9
-3
-4
3
9
0
2
1
11
7
6
-2
-7
3
-1
-3
-16
-7
-4
2
8
-3
3
7
11
10
4
1
-8
2
-4
-10
-8
-10
-5
-2
5
-4
8
13
8
8
9
0
-7
5
-8
-11
-6
-8
-4
0
5
-10
3
11
11
8
3
-2
-6
9
-5
-13
-9
-9
-4
2
7
-7
6
13
4
8
3
-4
-9
7
-3
-12
-5
-5
-2
2
11
-4
0
7
1
6
3
-3
-14
4
-3
-7
-1
-7
-3
6
17
-2
3
9
0
4
2
-7
-16
-2
-4
-8
0
-1
-1
9
16
0
6
5
-4
1
4
-4
-16
4
-4
-5
5
2
-1
6
16
-3
3
6
-5
-6
0
-4
-20
0
-4
-8
4
2
5
5
19
0
4
12
-2
-5
-10
-3
-18
-1
-4
-11
4
7
12
3
17
4
4
10
-7
-6
-11
-1
-15
-6
-3
-11
8
6
11
5
13
3
-1
7
-3
-8
-12
-8
-16
0
2
-4
0
9
12
8
18
3
-7
3
3
-7
-16
-7
-16
-5
5
-1
-6
6
12
7
17
6
-1
3
6
-3
-12
-2
-18
-5
4
0
-4
4
13
2
14
1
-6
-1
9
-5
-11
1
-10
-1
6
1
-7
1
10
1
7
-3
-3
3
11
-1
-15
1
-5
5
8
-2
-10
0
15
-4
4
-6
-6
-2
11
1
-12
1
-2
8
6
4
-14
-5
9
0
3
-4
-9
-3
15
2
-13
-1
1
0
9
5
-18
-7
10
-2
-4
-1
-13
-6
13
10
-12
-2
6
1
17
6
-10
-8
11
1
-6
1
-18
-6
5
6
-11
-1
10
2
17
8
-9
-4
7
1
-10
-5
-15
-5
11
0
-11
-4
10
5
11
8
-10
-1
9
0
-12
0
-8
-6
8
5
-10
0
14
-4
8
7
-6
-8
14
-1
-17
5
-7
-6
