3
-6
-3
-4
6
-6
-7
-18
-2
-2
0
-2
5
-3
4
4
5
7
3
-11
8
7
9
12
-13
9
6
-7
-19
22
-8
6
-2
0
-1
-7
-2
-2
0
5
-18
3
9
-9
17
-3
3
3
4
6
5
-6
4
6
-6
11
-4
4
6
-8
11
-20
2
2
-5
7
-1
-5
6
-10
-3
0
-7
-10
-1
6
3
3
-1
1
-2
-7
11
15
0
-18
2
6
2
-5
6
-10
11
-10
1
2
-14
-1
0
-5
-11
3
-4
-2
9
-10
-3
10
-2
0
1
14
-5
3
22
-9
4
-4
-5
6
-15
12
-3
-1
-3
-11
2
11
4
-15
-11
-2
14
-17
6
13
1
9
-10
9
9
2
15
-8
21
-13
16
-5
5
2
-3
-11
-13
1
11
1
-22
19
-6
-3
-10
0
-3
15
-5
11
5
7
-8
10
-6
-12
15
-2
-12
10
2
3
-9
-10
2
-8
6
-2
-5
10
-6
6
-6
3
13
-13
-7
8
-4
7
-4
2
-9
4
5
2
-7
16
-2
-9
9
-3
-11
7
6
4
12
-4
6
11
2
3
4
10
-1
-8
3
-3
5
-6
6
1
1
-8
2
16
-6
-3
-12
5
-2
-5
-8
3
0
2
-2
-16
6
10
0
-2
-6
0
-13
9
2
-8
17
-17
3
3
-8
-2
13
-6
-7
0
6
-5
10
9
-9
15
-1
-13
6
-9
3
6
6
-11
1
3
9
-7
7
-5
-2
-12
17
1
2
2
5
9
1
12
2
-7
12
-11
3
16
1
-19
6
-12
16
-25
-6
16
4
-4
-2
9
-1
-5
5
6
-7
14
-3
7
-1
-12
0
-8
-3
1
5
9
1
10
-3
-3
6
5
-17
5
7
-9
-1
2
0
6
-12
-4
-4
7
-8
-10
-4
5
-1
-2
-6
-1
-7
0
-9
2
4
4
-3
-5
-16
7
11
-9
-10
7
-3
-3
-16
-6
8
-1
5
-12
-7
14
5
-8
-11
-3
13
2
15
-11
8
4
-3
-9
-7
0
0
0
7
-16
6
4
-2
4
-14
-9
4
-1
5
-4
-17
-5
-9
-5
6
-4
13
-8
-10
-1
0
-1
-8
7
0
8
5
0
5
15
13
-4
-2
-6
11
-1
-8
6
-1
-7
-3
10
-16
20
6
-13
9
-21
-9
-4
9
-15
-3
4
-1
-8
1
-2
-7
5
-6
7
-7
-4
-11
10
12
1
-6
-4
-2
6
-4
0
0
0
3
-2
-1
2
7
-14
10
-9
5
-10
2
4
9
-5
17
1
6
4
5
-12
2
-7
4
0
-10
-2
-4
1
-3
1
-5
3
2
-13
8
2
0
0
5
-3
6
-15
0
3
2
-8
4
-2
-4
-10
2
5
-7
-6
6
-13
9
4
15
-14
2
0
-4
10
2
-6
-10
-6
-1
10
1
3
-2
-9
-2
-4
-15
5
4
2
3
-7
0
10
-8
1
0
8
11
-9
-1
5
1
-2
0
-7
-4
7
3
-10
14
-15
-2
5
5
-3
6
-12
12
-2
-8
-2
6
-9
-8
7
2
1
13
-4
-5
-7
1
3
11
-2
2
8
-7
-2
-4
8
-7
-11
12
1
-6
-4
5
-12
6
-3
4
2
-4
6
-1
-4
-15
1
2
1
12
-10
-5
0
9
2
2
-5
-11
7
8
3
-1
-11
3
5
3
-3
10
0
3
-5
-3
1
5
-2
-3
9
-16
0
-4
-12
11
2
-6
-11
12
5
-7
4
-4
-5
-2
-4
-1
-12
1
-5
-2
1
7
-2
10
2
3
6
-1
4
-4
10
0
1
16
-19
-5
-1
-8
-2
-11
11
0
8
-16
7
-2
-11
4
3
5
-2
6
2
-1
4
-9
-4
3
0
-4
-15
-3
-8
2
-2
-4
-1
2
-6
-3
-6
5
-5
9
-5
-7
8
-8
-11
3
8
0
9
-2
10
-3
4
6
7
-2
17
-1
-3
13
-9
6
-2
14
-6
-5
-15
0
8
-6
-3
3
-14
-4
5
-4
-2
1
-3
-6
-3
6
-10
6
-5
-1
8
4
0
6
-17
21
-4
-3
3
-4
0
7
-4
0
-7
7
12
2
8
9
-7
-2
-2
5
-3
0
-5
3
3
5
-17
0
-6
-1
-11
13
-8
-1
9
-6
4
4
-11
-4
0
3
-3
-18
-12
5
-16
-6
-3
7
-18
5
2
-6
3
0
19
-14
7
-13
-18
-1
4
6
-9
10
-3
-3
-4
0
0
3
8
-2
-2
7
-3
-2
-4
-10
4
-3
12
-9
-10
-10
7
10
-2
-9
1
-10
-10
-10
7
-2
8
-4
-3
5
0
10
-10
14
-10
-2
3
3
-3
2
-6
4
6
8
4
-7
-1
10
1
-6
13
-14
-7
10
-7
-3
8
-2
1
-2
2
-1
-3
-2
9
-1
7
-12
-11
8
0
2
1
0
14
-4
3
4
5
10
0
9
19
0
8
2
-9
7
-5
-7
0
6
-13
9
2
-5
5
-4
5
1
3
-7
3
-10
8
-12
16
-6
2
1
2
5
3
3
-12
8
5
17
-9
-2
10
-3
-15
3
-14
7
-2
0
-6
5
-1
-6
4
-16
-6
-1
5
-4
4
-9
22
-7
9
-11
-7
-10
3
15
-2
4
1
0
6
0
9
-11
0
7
-18
-2
14
0
1
7
-11
4
-12
-7
11
-1
4
-5
5
-5
-1
1
2
