-6
-2
6
-2
0
-4
2
-6
6
5
6
-18
1
4
2
2
1
-2
2
-4
3
-9
-2
4
8
0
-7
3
3
-11
18
-7
-7
-4
2
12
-10
7
-9
5
6
-7
-5
20
-22
18
-2
6
-5
-4
0
2
-7
-7
4
4
2
2
-2
5
-16
18
-3
-17
13
-9
15
-18
3
1
3
3
10
-3
-6
-1
-3
-6
11
0
-6
1
-5
11
-3
6
-4
-6
18
-8
0
-19
20
-12
5
2
2
1
-7
10
-3
-5
9
-14
10
2
-6
0
-8
7
10
-3
-10
6
-1
-2
-3
4
0
1
-9
4
7
-13
1
15
-7
-12
18
-8
-1
6
-5
-2
5
-6
13
-10
3
-15
10
-4
9
2
-15
14
1
0
-1
-5
-10
15
-3
-2
-1
-2
6
-8
10
-4
-2
10
-2
-1
0
-4
-11
14
-6
13
-3
-24
21
-9
9
-4
4
-1
-12
6
-1
10
-12
3
5
-1
-5
1
11
-8
-8
11
0
-10
15
1
-3
-2
1
-13
17
-13
-2
13
2
-1
-9
6
-11
9
8
-8
-2
-9
11
-8
21
-19
13
-16
3
-5
12
-1
-2
5
4
-11
-6
12
-1
-16
9
1
-12
25
-19
13
3
-3
-9
8
0
-4
-7
15
-2
4
-11
-6
9
7
-6
2
-10
9
1
-12
9
-7
2
8
-9
10
-3
-2
-3
7
-3
-10
6
-3
8
-4
2
-2
2
10
-10
8
-9
6
-5
2
-3
-3
15
-13
-3
11
-8
2
1
7
-13
2
-2
6
0
4
-5
-7
-2
15
-12
16
-6
-7
9
-11
7
-3
-10
21
-7
-8
-4
4
8
-6
4
-8
0
11
0
-2
-3
-5
-2
10
-2
0
8
-13
-4
-3
5
2
6
-6
4
1
4
-2
8
-9
-6
16
-8
-3
3
6
-12
5
-2
-3
5
-2
-6
3
3
-3
-2
7
6
-16
12
-1
-10
0
11
-2
-4
2
0
11
-15
9
-2
-10
8
-9
22
-17
3
2
-3
12
-10
-2
8
-11
6
4
-7
0
-4
1
5
-11
9
9
-10
6
-15
5
11
-13
2
1
9
-7
1
6
-5
-9
11
-2
-1
3
11
-11
7
-13
1
-5
-2
9
12
-14
9
1
-10
0
-2
3
-1
9
2
-7
-12
10
9
-7
4
-7
11
-5
-7
16
-17
-10
19
-4
5
-12
11
-16
25
-7
-19
16
1
-4
4
-1
-3
9
-2
-10
5
-3
4
6
-7
3
-14
12
-4
7
-5
-3
12
-9
-2
-8
4
10
-1
-7
0
9
-1
-5
-10
5
3
-3
8
-1
-5
14
-12
5
-1
-7
9
-1
-4
2
3
-3
-6
14
-5
-4
-11
5
-7
16
5
-10
3
-5
-5
13
-2
-2
-1
4
1
0
-6
0
1
8
-2
-10
6
4
-10
4
5
6
-19
7
10
-18
9
3
-9
7
-2
-7
3
21
-12
-6
6
-9
1
4
9
-12
3
14
-14
1
10
-8
-10
10
3
-11
3
2
9
-17
11
-5
7
4
-13
-2
9
4
-7
0
-1
4
0
-2
3
-16
11
-4
-4
10
0
4
-13
11
9
-9
-4
-1
5
-5
4
12
-11
-5
-5
9
5
-1
-3
-4
4
-13
8
3
2
-1
1
-9
1
7
-5
7
1
-4
-8
1
9
0
1
1
-15
1
8
-4
1
2
6
-4
2
-1
-6
9
-6
4
4
-7
0
7
-10
11
-20
20
2
-21
13
-1
12
-21
0
14
4
-8
12
-15
-1
1
-4
5
2
-8
11
-5
2
0
-2
5
-7
7
-7
6
3
-4
-9
17
-10
-3
5
1
-3
-1
4
-6
-4
6
3
0
0
-1
2
0
2
-3
2
-1
-9
2
5
-10
14
-9
9
-9
4
-6
10
-11
1
4
7
-6
5
-17
13
1
11
-14
-4
-3
13
-12
6
3
7
-10
1
0
-4
6
2
2
-10
1
1
4
-1
1
-4
3
-1
-2
13
-9
9
2
-13
4
0
-7
6
-3
1
-7
15
-9
-3
3
-3
-1
8
-5
5
-2
-9
3
10
-6
-7
5
-1
5
6
-7
-1
-13
11
5
-4
-6
16
-14
-2
5
0
-4
-3
10
-2
-7
6
9
-11
-6
11
6
-10
6
-2
3
-10
-1
9
-2
4
-4
-6
13
-5
0
3
2
-3
-5
7
-3
-10
10
-5
4
-1
0
-5
8
7
-16
9
-3
-3
5
13
-6
2
-5
-5
-7
4
8
-7
-8
12
-10
5
-3
15
-9
-10
5
12
-9
3
-5
10
-12
13
-8
2
3
0
-2
2
-11
9
3
-12
7
3
-5
-1
-2
14
-4
-9
0
7
-5
-1
3
4
-9
2
-1
4
8
-20
7
2
4
3
8
-13
-5
11
-11
6
1
0
-2
4
-7
4
-12
13
-3
3
0
2
2
-7
1
-6
2
8
-4
-4
8
-1
-5
1
1
8
-17
10
-6
0
0
9
0
-2
3
3
-5
-7
11
-7
-4
10
3
-8
-11
11
3
-2
5
-8
3
3
-11
1
0
14
-9
5
0
-4
1
3
-9
2
3
-3
9
-18
5
0
9
3
-12
7
-4
-2
6
4
-11
12
-10
-5
14
-3
4
-10
-4
5
3
0
-4
6
-8
12
-2
-3
-5
-3
1
-1
-2
7
-2
13
-6
-2
-5
5
6
6
-5
-4
-5
