-5
6
3
-2
-1
-6
7
-2
-3
0
2
-4
7
-2
6
-6
11
-6
1
5
-7
-6
11
-18
11
-1
-2
4
2
-2
-4
2
0
-1
1
-2
-1
-2
5
-4
6
-3
10
-9
4
2
-8
4
1
-8
5
0
-4
7
-5
3
3
-3
10
-11
10
-18
8
-7
0
7
-4
-4
9
-2
4
12
-16
10
-13
7
-11
9
-6
5
6
-6
7
-7
4
5
-19
20
-28
22
-17
18
-8
2
-2
6
-4
5
-2
-4
-2
0
-2
2
-1
7
4
-7
4
-4
-2
4
-3
-2
5
2
0
2
-10
5
-9
16
-18
18
-10
3
10
-17
9
-13
10
-9
17
-15
17
-18
10
-3
-1
1
3
-3
0
3
3
-10
4
-3
-6
6
5
-1
5
3
-1
-6
6
-11
4
0
-1
6
-3
1
-6
5
-7
11
-4
3
-4
6
-4
4
2
-6
6
-18
8
-8
7
0
11
-19
23
-20
16
-12
2
-5
4
2
6
-2
-5
1
-11
7
-5
10
-1
3
5
-5
5
-9
6
-14
9
-10
3
2
-3
6
-2
0
-3
8
-7
7
1
-10
10
-3
-1
10
-11
6
-4
1
3
-2
-2
3
-9
4
-1
0
-1
1
-4
9
-2
4
0
-7
13
-13
11
-1
-9
15
-16
7
0
-12
18
-18
11
-8
2
1
-1
6
-6
5
2
-2
7
-5
4
-6
6
-13
8
-10
4
-3
11
-15
18
-10
3
-4
1
-9
7
2
-2
15
-14
14
-12
-1
2
0
0
1
-3
-5
1
10
-11
15
-8
3
8
-2
-4
1
-8
-2
8
-6
9
-8
8
-10
9
-4
-3
2
-8
10
-3
2
-2
-1
-3
0
4
-4
1
11
-13
14
-10
6
-5
13
-9
3
7
-24
22
-21
17
-9
7
-9
4
-4
7
-4
5
-1
-5
12
-7
6
-8
1
-15
10
-7
12
-2
3
-3
-5
2
-1
-4
5
-3
1
7
-11
11
-8
2
8
-9
11
-1
0
4
-10
14
-15
12
1
-11
3
-10
-2
7
-1
14
-13
12
-17
14
-13
6
2
-7
13
-10
-2
1
-1
1
9
-9
6
-10
11
-10
9
2
-8
9
-8
4
2
0
-9
15
-11
6
-8
10
-21
21
-19
11
-13
19
-16
16
-3
4
-5
8
-12
5
-1
-4
2
-5
5
-3
-4
12
-11
8
6
-13
12
-8
1
10
-16
11
-9
5
1
-7
12
-22
25
-22
19
-14
13
-6
-3
2
-3
-2
9
-10
8
-1
0
11
-4
-3
7
-16
15
-6
2
-5
4
-9
11
1
-6
5
-9
3
7
-2
6
-8
2
-9
10
-12
9
-6
-1
4
-12
13
-9
15
-7
3
-2
-5
8
-12
9
-9
10
3
3
2
-2
-2
3
-10
7
-9
3
7
-10
9
-6
2
-3
3
-8
4
-4
6
-2
4
-2
-2
-2
-5
10
-9
10
-10
8
-6
9
-5
6
-7
5
-6
2
-1
3
2
-3
13
-15
12
-13
1
3
-7
11
-12
8
0
2
-4
-1
-9
7
-1
13
-4
2
-4
2
-5
6
-9
0
-6
4
-1
5
5
-7
-2
2
-9
15
-7
12
-7
16
-13
6
-2
-7
10
-9
3
-11
9
-7
6
-3
-2
10
-11
21
-19
7
-2
-8
6
4
-4
4
-2
-8
12
-6
6
-4
-1
-8
6
0
-2
11
-7
0
2
-2
-5
3
-2
-5
4
2
-9
10
-10
2
-1
0
12
-8
11
-13
3
4
2
-3
0
-5
5
2
5
-6
8
-6
6
-4
-6
1
1
-4
1
-2
7
-8
13
-9
2
6
-11
16
-17
8
-6
-3
7
-3
8
6
-12
12
-15
5
1
2
-2
-3
6
-5
2
-2
-8
6
2
3
2
-3
0
-3
-1
2
-3
7
-2
-6
13
-16
12
-12
6
-1
5
10
-9
0
0
-11
11
-2
2
4
-6
2
-7
0
-2
11
-13
15
-13
9
-5
2
2
-10
14
-8
10
-9
17
-22
18
-17
4
-3
3
2
0
3
-9
12
-8
10
-4
-2
0
-8
13
-11
9
-6
-3
4
-7
7
-5
0
-3
4
6
1
7
-5
0
-11
10
-9
-1
9
-12
10
-9
6
-8
15
-7
5
-1
-11
9
-13
8
-2
6
1
5
-9
5
-7
3
-1
-2
6
-4
5
6
-9
11
-11
3
-2
1
1
0
3
5
-11
9
-11
10
-7
10
-13
7
-1
3
-5
-4
2
-2
9
3
-12
9
-14
17
-9
5
1
-8
10
2
0
-7
2
-7
3
5
1
-5
9
-7
-2
1
-7
-1
12
-18
10
2
-9
13
-7
2
-4
12
-7
8
-11
5
-5
3
7
-12
16
-19
17
1
-10
12
-19
8
-4
6
-5
3
-12
11
-11
16
-16
21
-25
15
-7
-6
19
-17
16
-11
-1
4
-4
9
-4
4
-1
-2
3
-3
9
-5
2
-1
-10
9
-5
5
-3
5
-4
2
6
-11
7
-7
3
-11
14
-18
12
-3
4
-4
7
-10
5
-1
-3
14
-12
8
-9
0
2
5
-8
3
-4
-3
10
-2
1
5
-7
5
0
-4
9
-8
1
1
-5
-3
10
-7
5
-3
-3
2
-3
16
-8
6
-1
-6
5
-5
14
-17
12
-13
5
-11
1
7
-7
15
-9
1
-1
-1
4
0
2
1
-3
0
-3
