-9
7
1
-3
9
-4
-2
3
-7
3
-2
-4
7
0
-1
3
-5
2
0
0
7
1
-1
4
-6
-1
2
-1
5
3
2
-1
-6
-4
0
2
6
8
2
-4
-3
-6
-3
6
3
8
3
-6
2
-9
-1
4
-3
7
2
-6
3
-5
-5
6
-2
0
4
-4
-1
1
-2
6
1
1
7
-8
-3
-5
-5
9
-2
8
4
-13
1
-9
-2
13
3
8
0
-11
-3
-7
4
12
2
3
-6
-9
-1
-4
9
5
-3
1
-8
-5
4
-3
8
4
-3
0
-7
-5
7
3
10
6
-6
-6
-12
-4
7
9
9
2
-8
-6
-6
0
8
7
4
1
-5
-3
-3
0
7
6
5
-1
-8
-6
-2
-1
6
9
3
-1
-7
-6
-4
1
6
10
5
-2
-2
-12
-5
7
5
13
4
-6
-5
-12
-3
6
1
10
-2
-7
3
-11
5
5
-3
13
-8
-1
3
-11
5
-1
-2
8
-8
-3
-1
-9
4
3
-2
10
-9
-7
0
-8
7
7
0
7
-6
-3
-4
-12
5
1
-1
13
-3
-2
0
-18
2
1
2
13
-1
-2
-3
-9
-2
5
6
6
2
-6
-3
-10
-2
7
4
8
-2
-8
-4
-7
1
4
2
4
0
-5
-5
-8
-2
5
8
10
5
-2
-9
-7
-3
5
7
3
1
-8
-3
-3
2
9
3
5
2
-7
-4
-5
2
8
4
0
0
-5
-2
-4
3
5
-2
1
1
-8
2
4
0
11
3
-4
0
-9
-6
7
-1
9
6
-3
0
-9
-6
0
0
5
5
-1
-3
-4
-4
2
2
3
5
-4
-2
0
-6
2
5
4
8
1
-3
-5
-8
-2
7
3
8
3
-10
-6
-9
-4
9
2
11
6
-7
-1
-16
-4
8
3
11
4
-8
-4
-8
-5
5
8
8
9
-7
-8
-6
-4
5
3
11
3
-6
-5
-9
-4
7
6
4
3
-9
-3
-5
-2
11
0
1
3
-14
-3
-1
-3
17
3
0
2
-16
-4
0
-1
16
6
-4
4
-16
-4
5
-1
16
3
-5
0
-20
-4
4
5
19
4
-2
-10
-18
-4
4
12
17
4
-7
-11
-15
-3
8
11
13
-1
-3
-12
-16
2
0
12
18
-7
3
-16
-16
5
-6
12
17
-1
6
-12
-18
4
-4
13
14
-6
9
-11
-10
6
-7
10
7
-3
11
-15
-5
8
-10
15
4
-6
11
-12
-2
6
-14
9
3
-9
15
-13
1
9
-18
10
-4
-13
13
-12
6
17
-10
11
-6
-18
5
-11
10
17
-9
7
-10
-15
11
-11
10
11
-10
9
-12
-8
8
-10
14
8
-6
14
-17
-7
1
-11
18
7
-1
12
-19
-10
-1
-9
16
8
0
4
-13
-8
-2
-9
9
7
0
9
-6
-5
-2
-4
8
3
3
7
-10
-5
-3
-6
9
7
6
7
-13
-9
-4
-6
14
4
4
7
-14
-2
-1
-7
14
2
3
5
-14
0
-1
-2
10
2
1
5
-11
-4
2
-2
11
9
1
0
-12
-10
-2
2
12
11
2
-4
-9
-11
3
6
11
15
-2
-3
-12
-16
-1
4
15
16
1
-2
-14
-19
0
4
17
19
4
-6
-19
-22
-4
6
19
22
4
-9
-16
-22
-4
9
17
23
1
-7
-15
-19
-2
7
12
23
2
-6
-12
-23
-1
7
13
22
-3
-4
-15
-20
5
5
17
20
-5
-7
-19
-18
0
5
18
13
0
-2
-15
-14
0
5
17
16
-1
-6
-18
-17
0
4
13
12
-1
-4
-13
-12
4
0
13
16
-2
2
-13
-12
-1
-4
10
10
-1
5
-8
-9
1
-10
8
6
-3
13
-7
-5
4
-17
3
2
-5
19
-3
-3
4
-19
2
3
-2
20
3
-4
-2
-19
-2
1
3
16
3
-5
-2
-19
-1
5
5
20
4
-6
-1
-18
-3
8
-1
18
0
-9
4
-22
-4
4
0
26
1
-1
0
-28
3
4
-2
27
-2
-4
4
-25
0
-1
-8
25
-2
2
7
-24
3
1
-8
22
-4
-4
5
-21
2
7
-3
21
-5
-8
5
-19
6
6
-3
18
-3
-9
3
-17
5
7
-4
17
-7
-4
8
-18
4
7
-8
20
-5
-2
7
-20
0
0
-6
18
-1
2
6
-17
1
-3
-7
13
2
5
5
-14
-2
-5
-8
10
3
6
8
-8
-2
-5
-3
6
3
6
3
-5
-1
-4
-3
3
0
1
7
-2
3
-3
-7
2
-3
7
10
1
2
-10
-10
-2
-4
13
8
0
5
-11
-8
0
-10
11
8
-2
9
-13
-9
2
-7
13
8
-4
7
-12
-5
2
-4
7
6
-3
4
-7
-7
6
-2
9
4
-7
-2
-8
-1
9
0
5
1
-4
4
-5
2
6
-3
6
-6
-4
0
-8
2
5
0
12
-5
-3
-1
-11
7
3
4
10
-6
-1
-6
-11
6
5
3
7
-8
-8
0
-4
9
8
3
3
-7
-7
-5
-1
6
7
6
3
-3
-2
-5
0
4
2
1
-1
-5
1
-1
1
1
1
-3
3
-1
1
5
-2
0
-4
-6
-2
1
1
8
4
-5
0
-4
-3
2
-1
0
5
-7
-2
-1
-6
10
-2
1
6
-8
1
1
-6
6
-1
2
8
-4
1
-5
-5
0
-4
5
8
-1
0
0
-6
5
0
-4
7
-8
-1
5
-6
