-9
-3
5
1
9
7
4
7
0
10
7
1
-2
-1
-5
-2
3
3
3
-2
-3
-3
1
-2
-3
-1
-6
-5
-7
-6
-3
2
6
13
19
14
16
9
8
4
3
5
-5
-7
-15
-11
-12
-9
4
6
4
-6
-11
-12
0
-3
-10
-11
-12
-4
-4
-1
4
9
3
1
9
10
4
0
-2
-4
-1
-12
-8
-2
-9
-4
-9
-6
2
2
6
15
11
10
19
12
16
12
7
13
4
-1
-9
-13
-8
-2
8
5
5
2
0
6
5
8
5
-2
-15
-8
-8
-10
5
-3
9
6
-5
4
3
-2
-7
-6
-19
-19
-23
-20
-12
-12
3
5
13
14
10
8
8
5
3
2
-6
-6
-9
-9
-1
5
6
7
4
2
-1
-6
-9
-5
0
-2
-2
0
4
1
-2
2
9
1
-3
-3
-8
-10
-4
3
4
9
4
8
9
5
5
9
2
1
8
-2
-4
-1
-6
-3
3
-1
-6
-14
-22
-14
-6
-16
-11
-4
-3
-3
3
7
17
20
14
18
11
8
8
11
5
0
-8
-15
-13
-7
3
1
0
-4
0
8
8
11
8
3
-2
-1
-4
-3
1
-8
-6
-10
-9
-7
-8
-4
-6
-5
-7
0
-3
0
1
-1
7
0
5
9
10
11
8
10
8
12
6
1
-5
-10
-15
-12
-3
-14
-8
-1
-1
11
18
16
22
10
3
7
1
-12
-13
-17
-25
-22
-21
-14
-9
3
6
3
5
6
11
14
5
2
-1
-7
-6
2
3
8
16
12
9
2
0
3
1
-7
-12
-13
-14
-14
-13
0
9
8
3
7
8
-6
-8
-7
0
4
-2
-7
-1
5
7
9
-2
2
11
6
6
5
7
4
3
12
10
4
-1
-2
-1
4
0
0
2
-9
1
0
-5
0
-1
-10
-7
-3
-8
1
-4
-1
0
-11
-2
4
1
1
-6
-4
-2
2
10
15
11
4
1
-1
12
9
-1
-6
-4
-3
-7
5
9
1
-10
-8
-3
-2
-11
-14
-3
-7
-2
7
8
1
6
5
9
17
6
1
-6
-8
0
2
0
-1
-10
-14
-12
-4
0
-7
-9
-7
-1
2
9
4
-1
1
-5
-2
5
10
4
2
2
4
4
-3
0
5
-7
-7
-11
-10
-7
-12
1
0
4
4
2
2
6
7
5
5
2
4
-1
-5
-3
0
-1
-3
-4
-4
-6
-4
1
-3
-4
-8
-6
-2
-5
3
6
14
11
10
10
6
6
0
8
4
5
-4
-5
3
4
6
2
7
-5
-3
-15
-17
-18
-16
-7
-7
8
4
1
-3
3
4
5
-2
-7
-6
-14
-9
-1
7
4
8
10
9
7
2
2
-1
0
-5
0
-2
-2
8
11
13
9
8
7
14
8
-3
-3
-2
0
-6
-2
2
-5
-8
-8
-1
0
-2
-5
4
8
1
7
0
5
2
-1
-3
-2
-1
-8
-3
2
7
6
14
11
3
-4
-11
-13
-14
-21
-18
-16
-16
-12
-7
2
0
9
7
9
10
2
0
2
7
11
18
8
13
14
8
7
0
-4
-5
-9
-11
-6
-11
-7
-10
-10
-5
-3
-7
-2
7
1
3
4
1
2
4
4
6
-2
-5
-6
-5
-7
-3
6
2
4
7
4
-2
8
9
-1
6
0
-1
-1
-4
4
4
6
2
2
-2
-4
5
2
-5
-10
-11
-13
-12
-6
-4
3
3
6
4
4
4
2
5
5
6
0
1
-1
6
9
8
9
7
1
-4
-5
-9
-12
-16
-13
-7
-3
-1
2
5
1
4
5
7
9
7
0
-6
-2
-9
-3
-5
-2
1
-8
-3
3
8
-1
6
6
1
3
0
0
-12
-13
-14
-6
-3
4
7
3
11
8
11
4
5
9
8
6
3
6
-1
1
2
7
5
-4
-2
-5
0
-5
-5
-3
-6
-10
-10
4
0
-2
-7
-4
0
5
10
4
9
0
-3
-1
2
3
-3
-13
-13
-1
-8
-8
-4
0
5
3
5
10
11
5
6
8
5
-3
-11
-10
-11
-6
-4
-3
3
-2
-6
-8
2
0
-2
0
0
6
0
-1
5
5
-3
2
9
3
-3
-6
-1
0
-4
6
4
-1
0
-3
5
7
1
4
5
-2
-4
-1
-3
5
3
-7
-1
9
7
1
9
6
1
4
7
4
-3
-6
-6
-1
-5
2
9
0
-7
-5
2
-1
1
6
1
-7
-5
-5
-1
6
1
-4
-2
-3
1
4
-6
-7
-5
-6
-6
-2
-7
-5
0
3
8
3
-7
-8
-6
-10
1
8
8
2
-6
-5
-1
4
9
11
5
-6
-4
2
9
20
22
14
7
7
9
3
-2
-9
-13
-15
-20
-12
-9
-9
-10
2
4
11
19
11
11
5
5
6
12
6
-2
-6
-10
1
2
1
-1
-3
-8
-12
1
3
-4
-10
-14
-3
-5
-13
-7
-2
-8
-10
0
-1
2
2
9
14
10
12
8
8
9
10
7
-4
-11
-5
-2
1
3
5
-4
-12
-11
-8
-5
-4
-4
-3
0
1
8
11
8
4
7
9
8
3
0
-6
-4
1
11
9
2
1
-6
-4
-7
-1
-3
-8
-11
-5
3
1
1
2
5
1
-1
4
7
-1
-10
-4
-2
-7
-8
-5
-7
-6
-5
1
9
-2
-5
-7
-1
-2
0
4
1
5
0
4
6
2
-3
0
2
5
10
