17
7
-3
1
-17
-5
6
-1
14
2
-11
-3
-12
-1
15
8
9
-1
-15
-4
-1
-5
7
8
3
9
-2
-11
-9
-14
-3
8
10
13
3
-4
-4
-7
0
8
9
5
3
-5
-9
3
0
7
8
-12
-8
-4
-7
2
-4
-1
10
1
8
0
-12
3
0
1
13
-1
-1
4
-10
0
-4
-6
3
-6
2
-2
-5
6
-1
4
8
-2
4
-1
-5
-2
-3
10
12
12
3
-19
-26
-21
-3
19
30
24
6
-17
-27
-18
-2
20
33
20
7
-14
-33
-12
-4
10
27
3
-1
-8
-21
2
3
2
11
0
3
-1
-3
4
-2
2
-3
-5
1
-4
4
2
-4
5
-1
4
6
-10
-7
-11
-9
11
8
7
2
-12
-11
-14
-11
5
8
6
6
-2
-4
-3
-4
-2
1
-1
-1
5
-4
-6
-4
-9
4
3
-2
4
-11
-9
-1
-3
16
7
0
4
-12
-1
6
5
13
-3
-8
-4
-8
4
8
0
5
4
-5
-1
-9
-13
-1
0
14
18
7
4
-14
-17
-5
2
20
21
7
-7
-21
-17
-6
8
16
12
4
-9
-14
-15
-6
13
20
17
7
-4
-10
-12
-5
3
4
6
0
-5
-7
-10
1
6
9
7
-7
-2
-3
-11
6
15
18
14
-4
-14
-24
-15
-3
10
23
10
3
-16
-30
-11
-5
19
36
6
2
-10
-27
-3
1
6
21
7
-3
-6
-19
-12
3
3
14
13
-1
4
-3
-14
-5
-4
1
19
10
-2
-5
-16
-8
0
1
12
10
3
-1
-15
-18
-7
-2
10
15
2
-3
-2
-11
-9
0
0
12
7
-2
4
-4
-3
-1
-9
-5
-3
-6
-2
-1
0
8
13
5
-4
-13
-20
-6
6
19
22
5
-2
-20
-28
-10
1
17
20
1
-2
-13
-20
1
5
16
21
2
3
-8
-25
-14
0
11
19
14
2
-14
-26
-22
-3
19
28
29
11
-10
-23
-25
2
18
21
19
1
-9
-19
-18
4
7
10
13
-8
-3
3
2
21
10
-3
-6
-19
-7
5
10
23
14
-4
-14
-18
-10
5
16
14
6
-4
-14
-7
-1
3
13
4
-1
2
-9
-5
1
-6
9
12
6
12
-10
-12
-6
-17
4
13
9
11
-5
-6
-7
-10
3
0
4
8
2
2
-6
-3
-3
-5
6
0
1
7
-3
0
-1
-5
2
0
2
4
-3
1
-2
-14
-8
2
7
9
4
0
-3
-8
0
6
4
8
0
-4
-1
-6
-1
1
-6
-4
-6
-1
9
3
5
5
0
-2
-5
-1
-4
-2
3
1
7
4
-1
-4
-9
-4
2
11
17
7
0
-4
-10
-9
-5
6
8
1
-2
-5
-2
4
8
6
3
-3
-7
-2
3
8
12
11
1
-12
-16
-14
-6
14
19
12
8
-13
-24
-12
-11
8
24
7
11
0
-19
-8
-13
-1
20
9
8
1
-18
-11
-8
-8
3
5
4
5
1
-6
-5
0
2
2
6
5
4
0
-11
-7
-9
0
10
-6
-4
-5
-7
12
12
9
6
-14
-11
-6
-2
19
11
-3
-10
-21
-13
-2
8
17
9
1
-8
-17
-9
1
12
13
8
6
-8
-12
-12
-11
2
9
15
9
0
-4
-14
-7
-2
-2
6
9
7
-4
-10
-9
-5
4
10
14
10
-2
-6
-8
-6
-1
4
13
12
3
-7
-8
-12
-10
3
-1
4
12
0
0
0
-7
5
2
-2
5
-9
0
7
-4
9
1
-9
2
-9
-7
0
-4
7
5
3
1
-8
-3
-1
4
7
1
-3
-9
-10
-2
2
3
3
-1
-4
-11
-6
9
9
6
1
-10
-4
5
5
6
-6
-12
-9
-6
6
5
2
3
-5
-3
4
5
6
-1
-11
-12
-8
5
16
13
7
-6
-15
-13
-4
12
19
8
-1
-7
-15
-2
6
2
6
-2
-14
-9
-6
2
17
14
10
-1
-12
-9
-5
2
11
9
3
7
-1
-12
-8
-10
-8
9
7
9
8
-11
-9
-10
-2
9
9
17
6
-5
-4
-10
-3
3
0
4
-2
-2
2
-2
6
4
-4
0
-7
-11
-1
3
10
17
11
-1
-10
-15
-14
-2
6
16
17
0
-5
-13
-17
-3
2
7
14
10
5
-3
-7
-9
-1
13
9
9
-7
-19
-10
-13
6
21
12
9
-10
-24
-15
-5
18
31
24
7
-17
-24
-23
-9
10
21
25
5
-11
-15
-20
-9
4
10
13
7
0
-2
-3
-5
0
-2
-2
5
1
8
5
-2
-3
-17
-10
-2
4
21
14
6
-2
-20
-15
-3
6
11
9
7
0
-4
-4
1
0
-6
-6
-7
-1
13
17
6
1
-9
-21
-4
0
1
17
2
0
4
-11
-1
-3
-5
7
1
0
-2
-12
-10
-2
4
9
10
1
-9
-13
-12
-4
1
9
12
4
2
-5
-7
-3
-9
-4
4
4
4
-5
-8
-10
-9
0
0
0
-4
-6
1
2
5
8
-1
1
-4
-7
9
7
2
0
-9
-12
-7
-6
-2
1
0
5
-4
-5
4
-6
-5
1
-4
11
18
12
2
-17
-13
-9
-6
15
16
10
7
-13
-23
-18
-1
15
15
11
-3
-18
-13
-7
-1
14
13
7
-2
-14
-16
-9
8
17
13
2
-7
-13
-13
-2
5
9
13
4
-6
-8
-15
-7
6
6
12
4
-11
-14
-16
-5
12
