49
39
31
27
19
15
14
7
6
-4
-7
-11
-18
-23
-29
-40
-41
-45
-51
-46
-51
-55
-49
-44
-41
-29
-28
-25
-19
-10
-3
2
12
23
33
34
38
39
46
58
65
57
49
51
51
45
40
27
14
4
-4
-2
-1
-2
-14
-15
-24
-37
-38
-46
-54
-43
-40
-31
-23
-23
-13
-4
-4
-6
-2
4
13
10
20
30
31
40
47
48
56
50
42
31
29
20
5
6
-4
-2
-7
-19
-18
-23
-19
-19
-24
-30
-32
-35
-45
-36
-38
-30
-25
-22
-25
-22
-25
-18
-8
-2
13
15
29
32
33
40
51
48
53
54
47
39
37
32
20
18
3
-5
-13
-16
-14
-16
-20
-25
-29
-34
-36
-42
-45
-45
-41
-31
-30
-25
-18
-18
-17
-12
-9
-3
8
16
20
30
40
39
42
52
59
53
51
47
38
30
24
15
6
-1
-4
-10
-15
-15
-19
-27
-28
-29
-36
-40
-44
-39
-38
-39
-37
-31
-28
-28
-26
-14
-6
-10
-3
6
13
21
31
41
51
54
58
54
51
46
36
27
25
20
20
23
13
3
-9
-13
-22
-26
-32
-42
-50
-53
-60
-61
-60
-53
-44
-39
-33
-34
-22
-16
-9
-5
-4
6
10
21
25
32
45
56
61
53
45
40
31
17
12
5
-2
-6
-8
-16
-18
-17
-21
-20
-23
-32
-41
-46
-52
-45
-39
-31
-22
-22
-14
-16
-13
-1
1
-2
3
9
9
22
23
32
43
47
54
49
39
28
25
12
13
12
9
13
6
-4
-13
-26
-40
-42
-51
-56
-60
-61
-69
-71
-64
-53
-46
-42
-31
-16
-7
-2
3
7
12
8
14
23
30
28
30
39
45
39
33
31
24
12
3
6
2
-3
-7
-10
-17
-28
-28
-26
-29
-30
-35
-40
-44
-42
-32
-31
-27
-28
-25
-20
-17
-16
-7
1
6
15
18
31
38
43
42
54
61
53
52
42
32
18
10
5
7
4
-1
-7
-20
-27
-23
-22
-20
-19
-21
-27
-31
-29
-28
-24
-25
-22
-25
-20
-9
-7
-2
7
8
9
16
21
27
33
36
45
48
40
36
30
30
27
26
26
20
10
0
1
-3
-9
-17
-28
-39
-46
-51
-51
-55
-56
-51
-40
-34
-26
-20
-16
-6
-5
0
7
3
13
13
24
31
30
37
46
50
46
40
40
32
21
21
11
12
2
1
1
-3
-10
-15
-23
-24
-36
-38
-44
-51
-47
-44
-32
-30
-18
-15
-5
-2
6
11
10
12
16
20
24
28
28
27
30
37
33
38
36
38
29
31
23
25
23
18
10
1
-3
-18
-24
-37
-45
-57
-58
-61
-62
-57
-46
-36
-25
-15
-7
-2
8
10
9
11
14
20
21
22
21
30
40
42
36
29
23
21
18
13
6
6
7
3
-6
-14
-14
-22
-26
-35
-36
-42
-53
-60
-48
-39
-34
-22
-23
-15
-16
-11
-8
-1
7
14
23
26
37
36
39
36
38
43
39
40
37
35
28
29
22
18
16
12
5
-4
-4
-17
-25
-29
-36
-42
-48
-50
-43
-39
-32
-32
-21
-14
-14
-5
-4
-4
5
9
15
20
23
31
38
48
53
55
49
40
31
25
19
16
11
2
-4
-4
-10
-10
-17
-20
-27
-31
-37
-42
-48
-50
-43
-40
-30
-26
-17
-17
-10
-10
-5
-1
4
14
20
30
32
42
40
48
51
56
53
44
45
33
30
22
14
7
3
-6
-6
-12
-14
-20
-27
-29
-34
-34
-41
-49
-40
-37
-38
-33
-27
-25
-22
-17
-19
-12
-8
1
7
19
21
28
39
47
48
53
47
37
31
22
24
18
17
5
5
2
-7
-8
-19
-31
-42
-45
-50
-52
-51
-55
-56
-52
-50
-43
-36
-24
-17
-8
-1
3
11
10
13
14
19
23
30
32
37
46
45
45
38
33
29
28
24
21
10
5
3
-1
-4
-8
-16
-22
-22
-32
-39
-46
-42
-31
-32
-30
-19
-22
-17
-11
-2
3
1
1
3
15
14
22
34
34
39
43
43
44
31
27
26
18
19
17
15
10
9
2
-10
-15
-23
-30
-30
-42
-52
-54
-50
-44
-40
-36
-32
-23
-11
-1
-3
2
11
11
11
14
19
30
38
46
54
55
50
47
35
25
25
16
13
12
6
1
-3
-13
-21
-19
-25
-27
-29
-41
-47
-48
-45
-34
-27
-26
-27
-26
-18
-7
-5
2
11
12
15
17
26
33
41
44
53
55
47
43
29
24
21
20
18
13
3
-4
-2
-5
-17
-22
-32
-38
-33
-37
-44
-51
-38
-35
-35
-28
-20
-20
-9
-2
-2
2
4
5
9
20
25
27
31
34
32
42
39
38
32
30
27
23
17
13
12
9
7
3
0
-10
-15
-19
-20
-28
-34
-43
-39
-35
-31
-31
-27
-18
-12
-12
-10
-6
-4
9
12
13
13
25
24
30
37
45
42
40
40
31
33
31
25
14
16
10
0
-1
-4
-14
-21
-26
-26
-36
-44
-50
-43
-30
-31
-28
-27
-17
-12
-9
-1
5
4
6
7
10
19
26
28
23
30
37
24
27
26
18
9
7
8
7
10
6
-6
-11
-21
-25
-26
-27
-28
-36
-33
-41
-41
-34
-35
-29
-21
-19
-13
-12
-1
1
3
12
17
17
18
20
30
31
38
43
37
34
23
21
13
16
15
11
5
2
-2
-12
-19
-27
-30
-38
-42
-50
-53
-60
-54
-45
-36
