5
15
-1
-7
-11
-3
4
13
6
-2
-11
-9
4
15
15
-2
-17
-11
3
10
13
-1
-13
-10
1
9
8
-7
-7
-2
9
4
2
-13
-5
2
18
7
-6
-22
-13
7
21
13
-7
-17
-14
3
12
16
2
-18
-7
6
14
5
-4
-9
-6
0
8
1
-2
-9
-1
-1
7
4
2
-4
-6
4
13
8
4
-10
-9
-4
11
10
8
-12
-12
-9
11
6
1
-14
-4
4
7
-1
-2
1
3
-3
-4
-2
-2
7
5
2
-6
-10
-9
6
1
0
-1
-4
0
0
-3
-5
11
0
1
-12
3
-2
5
-8
-1
-7
1
-6
2
0
7
1
-7
-4
0
2
6
5
-3
-8
-6
8
13
1
-11
-9
-2
11
14
6
-5
-8
1
7
6
-6
-12
-2
6
9
-2
-8
-9
-3
7
3
-4
-12
-8
3
10
9
2
-6
-5
-3
1
5
6
-3
-2
-2
0
1
-4
1
7
5
0
-2
-6
-6
2
6
7
-8
-3
-1
9
1
-3
-8
4
0
3
-4
-2
-5
1
6
10
1
-11
-15
3
7
14
0
-2
-12
-2
3
14
5
0
-11
-8
-1
5
8
0
6
-3
-5
-12
0
4
13
3
-2
-13
-4
5
9
7
-2
-9
-5
2
-3
4
2
6
-2
-6
-9
-5
0
9
0
-3
-4
-2
-5
-1
7
4
4
-2
-4
-9
1
3
4
-3
-11
-11
4
5
8
-5
-3
-4
-1
-3
6
9
0
-3
-6
7
1
4
0
-1
-4
10
2
3
-10
0
-3
9
3
6
-9
-6
-10
5
2
13
-6
-11
-17
4
8
20
3
-12
-12
6
13
7
-5
-7
-5
12
8
-7
-18
-10
15
11
0
-15
-14
-2
12
11
0
-9
-12
-2
8
16
5
-3
-8
-5
-2
5
4
3
-3
-2
-1
6
-3
-6
1
2
8
-3
1
-6
4
-6
14
4
3
-17
-8
-7
21
16
7
-11
-12
-16
11
15
11
-11
-5
-6
12
-3
0
-5
6
-3
-5
-16
1
14
17
-2
-11
-17
-1
12
9
-8
-14
-6
6
16
9
-8
-18
-4
10
18
-1
-7
-13
3
8
13
2
-11
-19
-5
10
11
-2
-10
-10
0
8
6
1
-14
-3
-3
15
-3
2
-13
6
-3
8
-8
0
-14
8
-6
11
-9
3
-12
8
-1
13
-5
0
-13
5
2
16
-4
2
-15
-3
-6
16
10
2
-13
-11
-2
10
13
4
-4
-10
-8
6
10
4
-5
-4
-3
9
-4
-2
0
3
1
3
-3
1
0
10
3
1
-14
-8
7
9
5
-6
-7
0
7
4
6
-1
-9
-7
-2
2
8
5
-3
-8
-8
-5
8
11
4
-14
-18
0
17
21
3
-14
-17
-2
12
9
-3
-6
-8
0
10
4
1
-8
-2
-1
12
4
9
-4
-6
-5
7
12
3
-12
-11
-5
10
11
8
-3
-16
1
6
6
-5
5
2
3
-5
-4
-1
6
6
-2
-2
-3
-2
2
7
5
1
-4
0
-6
-6
5
15
4
-10
-15
-2
12
11
6
-8
-9
-11
7
12
19
-1
-10
-18
-3
5
11
4
-1
-13
-3
-2
15
-4
-2
-14
4
-2
9
-8
1
-7
7
-4
4
-10
-1
-8
6
0
5
-3
-4
-4
5
1
-4
-2
-6
6
6
10
-8
-6
-11
8
1
8
-9
-5
-6
0
-2
5
3
8
-8
-2
-8
4
7
13
-6
-6
-9
11
10
9
-12
-3
-9
11
4
5
-13
-4
0
17
3
1
-19
-4
-5
19
8
3
-13
-3
-3
16
8
2
-15
-13
-5
12
19
10
-9
-19
-4
7
12
-2
-3
-9
-4
6
14
9
-8
-10
-9
4
3
7
-1
4
-3
-8
1
9
10
-4
-11
-8
7
9
4
-3
-13
-8
0
13
4
-5
-19
-5
10
16
4
-12
-8
6
15
8
-4
-13
-6
2
9
4
-11
-17
-2
7
11
-1
-7
-5
-2
8
8
4
1
-3
-3
4
5
3
-2
-6
-3
1
5
0
-3
-8
2
13
11
-2
-16
-10
2
16
6
-2
-12
-2
4
13
-3
1
-7
6
-3
-1
-7
0
1
6
-4
-6
-4
1
2
1
-3
1
3
0
-5
-6
6
7
5
-5
-11
-11
-1
11
15
1
-13
-16
-3
10
13
0
-7
-14
-4
1
11
8
5
-8
-7
-5
6
7
9
0
-1
-7
5
3
3
-8
-7
0
14
7
-5
-20
-2
13
19
2
-10
-16
7
13
10
-7
-14
-13
1
12
16
2
-11
-18
-4
10
18
5
-7
-14
-13
15
25
18
-12
-26
-17
20
22
10
-21
-19
-11
21
12
7
-21
-11
-2
20
13
1
-22
-8
4
19
9
-5
-21
-11
3
16
6
-10
-16
-2
12
21
4
-7
-21
1
4
18
-5
-1
-12
8
-2
11
-5
11
-11
0
-10
8
0
7
0
8
-7
8
-2
6
-16
-4
1
12
7
-2
-15
-9
2
11
15
5
-16
-16
-7
12
17
12
-6
-9
-6
5
10
9
-6
-10
-5
9
8
-3
-10
-2
8
9
5
-11
-10
-3
10
10
3
-7
-9
-8
11
1
3
-11
1
0
7
5
7
-4
-1
-5
2
2
10
1
2
-9
-5
-4
3
5
7
-6
-11
-5
1
8
6
2
-5
-1
-2
4
0
0
-3
8
8
3
-10
