-10
-2
2
-4
6
5
18
4
-2
-2
4
-9
-4
0
-3
-11
7
-4
-12
7
-5
-7
-20
18
-6
-4
-2
-7
-4
2
-5
18
17
-9
18
1
-3
-3
1
-6
0
1
-11
6
6
-8
19
-12
-2
1
-10
-5
14
2
0
7
3
6
2
4
-1
4
13
15
12
-8
-6
-2
6
-10
15
-4
-2
14
0
-5
-15
-2
2
-8
4
10
1
-4
-14
13
24
-9
4
-1
-6
10
-3
-1
-1
-8
-11
-10
-1
-2
13
-13
-13
-1
-6
9
8
-9
8
-19
16
-5
1
5
11
12
16
1
-25
13
3
8
4
15
-4
-6
-7
2
-9
-12
7
8
-10
-2
-7
-10
3
-4
2
10
-8
6
-2
-3
13
11
-2
7
-2
6
-4
-7
-15
16
7
-11
3
21
8
4
6
-8
-11
-2
5
10
0
-13
3
2
6
1
2
-9
-16
-3
-6
5
3
-2
-3
-3
-7
-16
1
0
2
2
-11
9
10
-9
17
2
-12
-2
11
4
0
1
11
9
-6
5
13
1
7
6
9
-2
-3
-11
13
-5
-9
-14
-1
0
-3
9
7
10
7
-7
5
16
10
-4
12
-16
7
16
4
-1
-9
-10
3
6
-3
12
-7
-3
9
-8
-10
-7
-9
-5
-5
-3
1
14
-5
-7
1
2
3
14
4
5
-16
-10
5
13
2
4
0
0
-8
-10
-4
4
-6
7
18
3
-7
-7
-21
-6
9
4
12
14
-1
-8
-10
-11
-2
-17
5
4
2
4
0
4
2
-16
4
10
-4
11
9
-1
5
12
5
9
1
-4
13
3
1
-9
-7
7
4
1
0
1
-1
-4
-2
-4
1
9
-4
-7
-7
11
-20
-21
1
-21
-14
-8
15
1
-5
-8
5
0
-5
7
-6
-4
-17
-3
-1
-1
6
6
0
-1
0
-3
1
2
10
-9
9
-6
11
4
6
-17
-1
-14
3
-12
-3
-10
0
6
-2
1
-4
1
-3
-2
9
2
-4
-7
3
-7
9
3
1
-5
2
3
6
5
-5
-7
13
5
6
-14
-5
-4
-10
-7
-9
-6
-6
6
-3
-1
2
-4
-13
0
-2
-5
3
10
-4
0
-8
-16
3
5
6
-5
7
8
8
-10
3
-9
-5
-9
5
-12
8
3
2
-11
-3
7
5
-2
4
0
5
3
9
-1
-8
7
-4
8
5
-11
-1
-2
7
-12
3
0
-2
1
-2
-4
-8
-5
-1
-17
6
0
0
3
5
11
4
3
11
3
-5
3
11
0
9
0
-1
-9
-3
9
-5
9
12
-4
-6
-11
10
14
-4
-4
-3
-4
8
-2
5
1
2
-2
6
-5
-6
-5
5
10
-9
-5
19
8
-3
-2
-8
3
-8
21
-2
-11
-2
-8
2
-3
4
4
-12
-7
0
1
5
-8
7
6
1
-6
-6
-6
12
-5
5
4
-14
-11
-5
-6
-9
0
-7
4
3
-1
-17
-4
19
-9
-2
-9
6
-8
3
8
-2
8
14
6
3
-2
-1
9
3
-9
1
-5
2
4
0
-15
15
-4
-4
-2
0
-6
-6
-7
-9
1
-8
-8
-3
-2
4
0
5
-2
2
-17
-6
-4
11
-7
6
9
2
2
11
7
-1
-3
-10
-5
16
6
3
-18
-2
0
-3
2
-14
7
-1
-13
-4
-13
5
-3
6
1
0
-6
-4
-2
8
-1
4
9
-2
12
1
4
-7
-10
-3
1
-5
4
-7
-1
-16
-3
2
-1
10
-2
4
3
11
2
6
0
2
4
-9
-4
-1
11
-18
-7
15
-2
-8
0
3
2
-3
-1
-9
-9
-15
-11
1
-6
-1
0
-3
3
2
-1
0
-1
-4
8
3
-6
5
7
6
-13
3
1
-5
6
2
3
-1
12
-8
11
-10
2
-5
3
-3
-11
10
5
11
-5
-10
-2
3
-14
-4
7
6
-10
-6
4
-8
0
-5
-2
-7
22
-1
16
7
13
11
-2
-2
-6
-6
5
-6
0
10
-10
-14
-4
4
-11
-1
-6
-11
-3
-6
5
-8
0
-2
11
-11
10
2
6
-12
-1
-12
-11
4
5
3
-4
-5
0
-4
-12
3
-8
-6
1
4
2
-4
6
1
0
6
-1
2
-11
6
9
-4
-5
-3
8
1
-7
-3
1
2
9
-6
-1
-6
13
-7
0
10
-3
13
1
-13
-9
-8
14
-1
-12
0
3
9
-20
7
-9
10
-5
2
5
7
9
11
-6
5
-1
-7
-3
1
10
-9
5
-3
-9
17
6
-8
7
16
18
8
-1
-1
6
-2
-1
-1
-2
-10
0
10
5
11
-17
3
3
0
-7
-10
-1
-4
7
1
-12
-5
-3
-13
9
8
2
4
-2
3
2
-10
-3
2
-1
-10
-9
3
4
19
3
-9
4
0
10
9
-4
-8
-11
4
1
-1
-3
4
-12
-12
3
-10
-2
3
-9
-1
-2
-7
10
2
-5
0
3
-15
5
3
-11
8
-1
8
9
2
-5
-4
-14
1
-2
0
16
-1
4
-3
1
-3
-1
-5
0
17
-3
5
6
-11
9
-5
-3
-9
13
-9
3
-3
-2
-11
13
4
2
11
-9
-3
-3
-8
13
-16
18
-1
5
11
-3
11
-4
-11
-16
-1
-4
13
11
-6
5
-8
5
-2
-2
-3
4
-8
3
1
10
-5
9
5
8
-2
4
4
6
13
0
-5
-7
-4
-7
4
4
-5
22
-10
7
