6
4
9
10
6
9
5
6
15
17
10
11
14
15
14
13
15
13
13
11
7
8
9
8
14
16
17
18
16
11
11
14
14
12
11
11
12
10
13
18
12
14
11
11
13
14
10
13
6
11
10
13
13
10
12
12
5
10
12
7
5
6
9
8
15
10
16
15
17
16
17
17
8
6
6
6
6
8
5
5
9
9
9
10
7
9
6
9
14
12
10
14
16
14
13
12
10
6
12
8
10
11
7
9
7
8
4
9
12
13
13
8
7
2
10
9
8
9
14
14
11
14
12
11
12
14
12
10
17
15
17
17
7
10
12
8
16
13
9
12
10
7
8
11
6
11
7
10
12
13
14
10
11
7
6
6
10
11
15
12
9
10
12
15
15
12
17
17
14
11
15
10
12
15
10
10
7
10
8
5
9
8
5
3
10
13
14
11
9
11
11
13
10
11
7
6
12
10
8
12
13
12
14
11
1
1
11
9
4
4
6
8
0
3
4
7
5
6
9
8
5
5
8
9
8
10
13
10
10
9
14
11
15
12
14
18
13
12
13
11
9
10
13
10
11
14
14
14
11
7
10
11
12
10
11
7
5
4
6
6
7
8
9
9
7
5
7
9
11
13
9
11
9
13
13
12
6
7
8
5
10
8
6
6
7
6
9
10
10
11
8
6
11
9
7
9
12
17
15
10
11
12
15
15
9
5
9
7
3
4
5
7
13
14
5
8
12
12
17
18
14
15
14
13
7
9
12
7
15
13
11
15
13
10
14
13
7
8
11
11
10
12
8
10
11
14
11
10
15
16
11
11
8
6
12
9
11
8
14
12
9
11
9
7
13
14
13
11
7
8
8
11
9
5
8
6
14
12
11
15
10
12
4
4
9
7
9
8
11
13
8
6
10
9
12
10
10
11
6
6
13
11
10
7
13
11
12
13
8
9
7
6
5
7
9
5
13
14
12
11
6
4
12
12
10
10
9
14
14
13
8
11
11
12
9
14
9
12
10
9
12
12
11
14
5
3
13
9
10
12
11
8
14
16
14
14
11
14
12
13
8
11
11
7
10
9
16
11
15
15
10
12
14
10
6
8
3
3
7
6
15
12
14
12
7
5
7
9
4
6
11
10
5
5
7
7
11
11
14
13
8
9
10
12
13
13
10
7
10
8
8
12
6
6
8
6
4
5
7
5
6
8
5
3
0
2
7
8
8
7
12
9
10
12
9
11
8
8
14
15
9
11
17
13
7
9
10
11
12
9
9
7
16
16
17
16
12
13
10
9
11
15
16
13
12
13
15
15
8
8
8
8
16
11
8
10
9
9
10
15
16
15
13
15
11
9
11
16
12
7
14
11
4
3
6
9
7
6
16
13
12
14
9
10
12
13
14
14
8
10
7
5
4
5
6
10
9
10
11
12
14
13
6
9
5
7
11
12
4
7
8
12
11
9
8
12
7
10
8
13
12
11
15
16
11
7
10
10
5
4
7
3
9
6
12
15
5
5
11
8
2
1
1
5
9
7
11
11
5
6
10
13
8
7
12
8
7
10
6
3
11
10
5
7
11
11
8
11
14
10
11
12
6
4
7
5
12
9
12
14
10
13
13
14
8
11
12
7
7
5
4
7
5
5
7
10
10
8
6
6
8
7
6
11
13
10
7
8
10
10
4
2
13
13
12
10
5
4
7
4
4
4
3
2
6
7
12
7
10
10
13
10
9
8
7
9
8
7
5
3
12
14
8
12
4
8
5
9
5
5
14
11
13
11
6
6
11
8
11
14
16
11
12
14
10
10
10
11
8
9
4
2
16
14
8
12
12
7
7
6
18
17
15
11
14
15
20
15
6
7
11
10
15
13
16
13
8
9
13
8
10
6
14
15
12
9
14
15
14
13
16
12
12
8
5
4
11
8
8
8
15
12
13
10
9
11
10
10
12
11
12
10
17
15
14
11
8
11
10
12
8
6
14
15
12
11
13
11
12
13
11
13
6
9
12
8
6
9
13
12
14
16
12
9
16
13
14
14
10
9
12
10
11
16
11
10
8
9
12
13
10
10
12
12
9
6
4
4
13
13
12
8
14
15
11
11
14
13
16
17
13
16
12
13
9
12
10
10
8
10
9
14
8
8
10
8
3
5
6
10
9
13
5
4
13
8
9
11
13
9
14
10
5
9
1
2
12
9
4
9
9
6
9
11
16
14
13
12
13
12
10
11
5
8
5
10
11
11
6
5
12
10
10
14
15
14
15
12
13
16
13
11
15
15
12
13
11
9
8
5
10
13
7
8
9
9
9
12
6
8
7
8
13
13
11
8
11
9
6
9
7
10
10
8
